time (s)	magX	magY	magZ
2382.217597	40.035065	540.677979	-729.281128
2382.220928	40.853302	537.054321	-743.249573
2382.224264	42.372883	533.839844	-755.114014
2382.228527	44.944477	525.774414	-781.355957
2382.231878	46.288719	522.209229	-793.044983
2382.235118	47.165401	518.059631	-808.240784
2382.238439	47.925190	513.150208	-820.105164
2382.241786	49.444767	508.474579	-833.080078
2382.244686	50.146114	503.682037	-846.580994
2382.248066	51.256573	497.954407	-858.269958
2382.251359	52.776154	492.460541	-872.121521
2382.254720	53.652836	485.447113	-886.616028
2382.257594	55.230862	479.368774	-898.538879
2382.260934	56.633549	471.537109	-912.858032
2382.264256	57.393337	463.530121	-926.417236
2382.267619	58.094681	455.406189	-940.268799
2382.270927	60.374050	447.516052	-953.302185
2382.274264	61.835182	438.457062	-965.400330
2382.277597	62.945644	429.748688	-979.310303
2382.280925	64.582115	420.163635	-994.856812
2382.284260	65.751022	409.351257	-1008.649902
2382.287597	67.621269	399.006439	-1022.501465
2382.290920	69.549973	387.843384	-1037.521973
2382.294256	71.127991	375.628296	-1049.970825
2382.297597	72.822914	364.582123	-1063.939209
2382.300927	74.868500	351.490356	-1078.083008
2382.304261	76.329628	337.814148	-1090.940918
2382.307591	78.141441	325.131500	-1105.026367
2382.310928	80.479256	310.227936	-1118.001221
2382.314255	81.472816	296.434845	-1130.800781
2382.317591	84.044418	282.232605	-1143.950928
2382.320926	85.564003	266.861481	-1154.880127
2382.324255	86.908241	251.724152	-1168.205688
2382.327591	88.194038	236.879013	-1179.661011
2382.330926	89.713615	221.391006	-1191.057861
2382.334323	91.466980	205.201630	-1199.766235
2382.338858	93.804794	172.939804	-1220.923462
2382.341783	94.798363	156.691986	-1230.274658
2382.345109	95.558151	140.736420	-1238.983032
2382.348464	96.201050	124.196373	-1248.451172
2382.351793	97.136177	107.481003	-1256.166016
2382.354701	97.428406	91.350090	-1262.945679
2382.358036	98.363533	74.751610	-1269.783813
2382.361413	98.480423	58.620689	-1277.790771
2382.364684	98.655754	43.074226	-1282.466431
2382.367583	99.006424	26.300409	-1288.252441
2382.370922	99.064873	10.578609	-1292.577515
2382.374255	98.889534	-5.902981	-1296.785522
2382.377618	98.772644	-22.326126	-1302.688477
2382.380914	98.889534	-38.106369	-1305.201660
2382.384246	98.655754	-54.471069	-1308.591431
2382.387589	98.129745	-70.601990	-1309.584961
2382.390915	98.012856	-86.440674	-1312.799561
2382.394247	97.779076	-101.987144	-1313.734619
2382.397586	97.253067	-118.351837	-1315.429565
2382.400913	96.960846	-133.839859	-1316.247803
2382.404249	96.317940	-149.620102	-1314.319092
2382.407582	95.967270	-165.751022	-1310.812378
2382.410917	96.201050	-180.829926	-1310.169556
2382.414244	96.376389	-196.201050	-1306.954956
2382.417580	95.733490	-211.805969	-1303.974243
2382.420936	95.675049	-226.651077	-1299.649292
2382.424240	94.798363	-241.905304	-1294.272339
2382.427593	95.149033	-256.458221	-1292.635864
2382.430908	94.213905	-271.011108	-1286.499146
2382.434248	94.330803	-285.563995	-1278.842773
2382.437580	93.687904	-299.415527	-1272.355347
2382.440915	92.694328	-313.793121	-1262.828735
2382.444247	92.168327	-326.534210	-1255.815308
2382.448420	91.291641	-352.483917	-1236.586792
2382.451787	90.531853	-364.932800	-1227.586182
2382.455106	90.064285	-376.914093	-1214.552856
2382.458512	89.012268	-387.434235	-1203.506714
2382.461361	88.077148	-398.480408	-1193.454102
2382.464709	87.375801	-408.942139	-1182.407959
2382.468027	86.966690	-419.345428	-1171.069580
2382.471341	85.037987	-429.222687	-1158.036255
2382.474669	84.161308	-438.047943	-1145.178223
2382.477574	82.349503	-447.282318	-1132.787842
2382.480903	81.239037	-454.821716	-1120.689697
2382.484242	79.953239	-462.945648	-1106.721191
2382.487575	78.550552	-470.601990	-1094.915283
2382.490907	76.914085	-477.966125	-1082.466431
2382.494236	75.511398	-485.271790	-1067.679687
2382.497576	74.225601	-491.116272	-1053.302246
2382.500905	72.121567	-497.486816	-1039.801270
2382.504234	70.601990	-503.857361	-1027.761597
2382.507589	68.907074	-507.831665	-1014.552856
2382.510900	67.329048	-512.857971	-998.597351
2382.514242	65.809471	-517.708923	-986.031555
2382.517571	64.114555	-523.085937	-973.231995
2382.520905	62.127411	-526.358826	-959.789551
2382.524242	60.607834	-530.216248	-944.009277
2382.527575	58.620689	-533.547668	-931.385132
2382.530904	57.276447	-537.288147	-918.176453
2382.534233	56.282879	-539.859741	-903.448303
2382.537571	54.412621	-542.723572	-888.310913
2382.540899	52.659260	-544.827576	-874.810059
2382.544238	51.431911	-547.457642	-860.432556
2382.547567	50.087666	-548.977173	-846.990112
2382.550941	48.801868	-551.315002	-831.326660
2382.555531	46.464054	-554.588013	-803.097656
2382.558445	45.061367	-555.347717	-788.252502
2382.561792	44.360023	-556.399780	-772.822876
2382.565158	42.782001	-557.393372	-759.029846
2382.568050	42.022209	-557.627075	-744.184692
2382.571333	40.853302	-557.802429	-730.859131
2382.574688	40.035065	-558.270020	-716.364746
2382.577989	38.866158	-558.211548	-701.987122
2382.581327	37.521915	-558.036255	-688.778503
2382.584233	36.528347	-557.568665	-674.400940
2382.587562	35.417885	-556.691956	-663.004089
2382.590905	34.424313	-556.575134	-648.217468
2382.594271	33.430744	-554.880188	-636.353027
2382.597566	32.437172	-554.354187	-623.728821
2382.600899	30.976036	-553.652832	-611.689087
2382.604225	30.800701	-553.009949	-599.064880
2382.607559	29.631794	-551.373474	-588.427856
2382.610897	27.995323	-550.496765	-576.504944
2382.614226	27.001753	-548.743408	-566.744629
2382.617566	26.241964	-546.873169	-555.873779
2382.620895	24.897720	-545.879578	-545.236694
2382.624286	23.728813	-543.424866	-535.476379
2382.627569	22.501461	-541.729980	-526.300415
2382.630895	21.975452	-539.742859	-516.247803
2382.634226	20.689655	-538.457031	-507.656342
2382.637591	19.345411	-537.463501	-498.597290
2382.640887	18.059614	-536.002319	-490.473419
2382.644228	17.358271	-533.547668	-480.128571
2382.647562	16.656927	-530.508484	-473.582703
2382.650896	15.604909	-529.164246	-465.049683
2382.654220	14.669784	-527.936890	-456.925781
2382.657556	13.676212	-525.540649	-449.620117
2382.662256	11.279953	-522.150818	-434.891907
2382.665097	10.929281	-520.222107	-426.767975
2382.668504	9.994155	-517.299866	-419.929871
2382.671859	8.942139	-516.773804	-412.098175
2382.675084	8.357686	-513.384033	-405.143219
2382.677985	7.597896	-511.279968	-398.129761
2382.681348	7.071887	-509.526581	-391.642303
2382.684646	5.902981	-507.481018	-384.278198
2382.687978	5.552309	-505.610748	-376.212738
2382.690883	5.201637	-502.922241	-370.601990
2382.694218	4.909410	-501.168915	-364.114532
2382.697552	4.617183	-499.064880	-357.627136
2382.700880	3.623612	-497.019287	-351.315033
2382.704217	2.513150	-494.213928	-343.892456
2382.707548	2.630041	-491.467010	-337.521912
2382.710890	2.337814	-489.479828	-332.495605
2382.714216	1.636470	-486.966705	-326.241974
2382.717556	0.935126	-484.628876	-319.520752
2382.720881	0.175336	-482.583282	-314.377533
2382.724258	-0.584454	-480.187042	-308.942139
2382.727553	-0.759790	-478.375183	-304.383392
2382.730889	-1.052016	-474.342499	-299.590881
2382.734216	-2.220923	-473.407349	-294.739929
2382.737544	-2.513150	-470.777313	-290.239624
2382.740878	-2.454705	-468.848602	-285.622467
2382.744214	-3.156049	-467.504395	-281.239044
2382.747547	-3.331385	-465.283447	-277.673859
2382.750880	-4.266511	-464.114563	-274.400940
2382.754207	-4.500292	-462.185852	-270.660431
2382.757544	-4.734074	-460.607819	-267.387482
2382.760882	-5.552309	-459.789612	-264.231445
2382.764218	-5.902981	-458.854492	-261.659851
2382.767540	-5.727644	-456.633575	-258.620697
2382.771752	-7.013443	-454.471069	-253.711273
2382.775173	-7.481005	-452.308594	-251.607254
2382.778473	-7.948568	-450.730560	-249.795441
2382.781745	-8.065459	-450.438354	-247.340729
2382.785061	-8.708358	-450.204559	-245.119812
2382.787972	-9.292811	-448.684967	-243.132660
2382.791296	-9.760374	-447.165405	-241.145538
2382.794635	-9.818819	-446.288727	-239.099930
2382.797971	-10.929281	-444.827606	-237.755707
2382.800879	-10.812390	-444.593811	-235.593231
2382.804212	-11.864407	-443.366425	-233.138519
2382.807545	-11.572180	-441.846893	-231.677383
2382.810899	-12.039742	-441.028656	-229.631805
2382.814209	-12.507306	-440.268860	-228.872009
2382.817544	-12.448860	-439.684387	-226.183502
2382.820871	-12.624197	-438.632385	-224.722382
2382.824233	-13.091760	-437.521942	-222.267670
2382.827541	-12.390414	-436.820557	-220.981888
2382.830869	-13.442431	-435.242554	-219.286972
2382.834203	-13.383986	-435.242554	-218.234940
2382.837541	-13.267096	-434.482758	-215.604904
2382.840906	-13.968439	-432.846313	-214.202209
2382.844203	-13.909994	-432.904724	-212.331970
2382.847534	-14.202221	-432.437195	-211.689072
2382.850867	-13.968439	-431.326721	-210.637039
2382.854223	-13.734658	-430.859131	-209.234360
2382.857536	-14.377557	-430.566925	-207.656342
2382.860875	-15.020455	-429.573334	-207.364105
2382.864203	-14.202221	-428.404419	-206.428986
2382.867533	-14.319112	-428.287567	-206.662781
2382.870873	-14.611338	-428.287567	-205.435425
2382.874203	-14.202221	-429.398010	-204.734070
2382.877538	-14.728229	-428.287567	-205.844543
2382.881791	-14.962010	-428.229095	-205.844543
2382.885165	-14.552893	-427.995361	-206.428986
2382.888382	-14.903564	-428.346008	-206.721207
2382.891712	-15.137346	-428.930481	-206.487442
2382.895050	-15.546463	-429.339539	-207.422562
2382.897967	-16.072474	-430.625336	-208.182358
2382.901288	-16.540035	-430.859131	-209.935715
2382.904649	-16.306253	-431.326721	-211.513733
2382.907993	-16.189363	-431.618927	-211.572174
2382.910861	-16.949154	-431.794250	-213.267090
2382.914219	-17.475161	-432.437195	-214.319107
2382.917537	-16.890707	-433.196960	-215.546463
2382.920868	-17.241379	-434.132111	-216.656921
2382.924193	-16.656927	-435.300964	-218.118042
2382.927546	-17.182934	-435.827026	-219.228531
2382.930862	-17.299826	-436.294556	-220.981888
2382.934193	-17.767387	-437.580353	-222.150772
2382.937527	-17.299826	-437.755676	-224.021027
2382.940861	-18.001169	-438.281738	-226.066635
2382.944189	-17.942724	-439.625916	-226.709534
2382.947527	-17.767387	-441.028656	-228.930450
2382.950864	-18.001169	-441.671509	-229.865570
2382.954199	-18.351841	-443.191101	-231.326706
2382.957524	-17.533606	-443.249573	-232.554047
2382.960860	-17.825832	-444.301544	-235.710114
2382.964196	-17.767387	-444.827606	-236.762115
2382.967525	-17.942724	-446.230255	-238.106369
2382.970867	-17.942724	-447.632996	-239.859726
2382.974195	-17.708942	-448.626526	-242.255997
2382.977523	-17.592052	-449.970764	-244.126251
2382.980859	-17.007599	-451.022827	-246.580963
2382.984187	-17.358271	-451.782562	-249.386337
2382.988451	-17.358271	-453.945068	-253.126831
2382.991705	-17.182934	-455.815308	-255.639984
2382.995043	-17.650497	-456.633575	-258.211578
2382.998371	-16.890707	-458.971344	-262.010529
2383.001754	-16.949154	-459.322021	-264.640564
2383.004617	-17.124489	-461.893616	-268.088837
2383.007973	-17.416716	-462.536530	-272.004669
2383.011301	-17.066044	-465.225037	-274.810059
2383.014642	-16.949154	-466.627686	-279.719482
2383.017518	-16.832262	-468.439545	-283.226166
2383.020856	-17.007599	-469.900665	-286.908234
2383.024187	-16.656927	-471.887787	-291.466980
2383.027523	-16.832262	-473.524231	-296.084167
2383.030850	-17.007599	-475.920532	-301.285797
2383.034186	-17.299826	-479.777893	-305.844543
2383.037552	-17.124489	-481.648163	-310.870850
2383.040849	-17.124489	-483.985992	-315.955597
2383.044189	-17.124489	-485.856262	-322.033905
2383.047518	-16.656927	-488.135590	-326.826416
2383.050853	-17.416716	-490.590271	-332.670959
2383.054178	-17.592052	-492.869659	-338.749268
2383.057516	-17.884277	-495.908844	-344.184692
2383.060846	-17.475161	-497.369965	-351.139679
2383.064184	-17.767387	-499.240204	-356.224426
2383.067513	-17.592052	-502.045593	-362.594971
2383.070849	-17.767387	-504.324951	-368.731750
2383.074185	-17.942724	-506.896545	-375.628296
2383.077514	-16.890707	-507.890137	-382.291046
2383.080869	-17.416716	-510.227905	-388.310944
2383.084175	-17.182934	-512.974854	-394.798370
2383.087528	-17.708942	-514.728210	-400.701324
2383.090851	-17.942724	-517.416687	-406.896545
2383.094177	-17.358271	-518.994751	-414.202209
2383.098806	-16.540035	-523.845703	-429.456482
2383.101720	-17.241379	-525.482178	-435.885437
2383.105074	-16.540035	-527.293945	-443.074219
2383.108446	-16.364700	-529.573364	-450.789032
2383.111775	-15.897136	-532.086487	-457.101105
2383.114622	-15.780245	-533.781433	-464.874359
2383.117964	-15.371127	-535.476379	-473.524231
2383.121268	-15.488018	-538.106384	-482.524811
2383.124607	-14.669784	-538.983032	-491.057861
2383.127515	-15.195791	-541.379333	-499.415527
2383.130863	-13.909994	-542.898865	-509.643494
2383.134174	-14.143775	-545.411987	-517.942688
2383.137515	-13.559322	-546.171814	-528.287537
2383.140837	-13.325541	-548.918762	-537.112793
2383.144180	-13.559322	-551.081238	-548.451172
2383.147508	-12.857978	-551.957947	-557.451782
2383.150845	-13.383986	-554.704834	-568.673279
2383.154176	-13.500876	-555.347717	-579.018127
2383.157505	-12.624197	-557.860901	-591.174744
2383.160841	-13.267096	-558.562256	-602.279358
2383.164173	-13.091760	-559.672668	-614.611328
2383.167529	-12.331969	-561.484497	-626.534180
2383.170838	-12.916424	-562.536499	-638.749268
2383.174194	-12.916424	-563.997681	-651.022827
2383.177516	-13.091760	-564.874390	-663.880798
2383.180837	-12.974869	-565.634155	-675.862061
2383.184168	-13.734658	-566.744629	-688.778503
2383.187501	-13.267096	-566.043213	-702.454712
2383.190838	-13.617767	-566.919922	-715.487976
2383.194165	-13.091760	-567.270630	-728.287537
2383.197507	-13.267096	-567.562805	-740.385742
2383.200839	-13.442431	-567.621277	-753.886597
2383.204164	-13.676212	-567.329041	-766.803040
2383.208877	-13.325541	-565.692566	-792.635864
2383.211763	-13.267096	-566.043213	-806.721191
2383.215109	-12.741087	-566.277039	-819.579224
2383.218466	-13.208650	-563.296326	-832.904724
2383.221764	-12.741087	-562.945679	-844.885986
2383.224596	-11.981297	-561.601379	-859.614258
2383.227921	-12.098188	-559.146667	-872.647583
2383.231268	-11.922852	-559.029846	-886.206909
2383.234584	-11.630626	-555.756836	-899.590881
2383.237920	-11.163063	-554.178833	-913.150208
2383.240831	-10.929281	-551.665710	-925.774414
2383.244167	-10.403274	-549.094116	-938.807678
2383.247501	-10.695500	-545.587402	-952.483948
2383.250834	-10.520164	-543.074219	-965.809448
2383.254163	-9.585038	-539.859741	-979.544189
2383.257497	-8.942139	-535.125610	-991.876099
2383.260837	-9.000585	-530.859131	-1005.844482
2383.264168	-8.883694	-527.936890	-1018.644043
2383.267537	-8.474577	-522.618347	-1032.495605
2383.270832	-7.773232	-518.059631	-1044.827515
2383.274165	-8.591467	-512.507324	-1059.380493
2383.277501	-7.188778	-507.481018	-1072.998291
2383.280833	-7.071887	-501.870239	-1086.148437
2383.284159	-7.305669	-495.149048	-1099.473999
2383.287494	-6.312099	-489.304504	-1112.215088
2383.290824	-6.954997	-482.232605	-1123.494995
2383.294162	-6.604325	-473.115173	-1136.995850
2383.297532	-6.662770	-465.166565	-1150.438354
2383.300826	-6.838106	-457.744019	-1162.302734
2383.304169	-7.013443	-449.795441	-1173.290405
2383.307489	-6.721216	-440.736389	-1184.804199
2383.310823	-7.071887	-431.092926	-1196.668579
2383.314154	-7.130333	-422.735260	-1207.773193
2383.318421	-7.247224	-402.746918	-1225.599121
2383.321756	-8.240795	-391.934540	-1238.164795
2383.325084	-8.474577	-381.940399	-1245.821167
2383.328345	-8.649913	-371.654022	-1254.587891
2383.331665	-9.117476	-360.490936	-1262.185913
2383.334577	-9.234365	-349.503204	-1270.426636
2383.337914	-9.409702	-337.931030	-1277.673950
2383.341291	-9.760374	-326.125061	-1284.395142
2383.344576	-9.351256	-314.260681	-1291.174805
2383.347488	-9.994155	-302.571594	-1297.253052
2383.350816	-9.526592	-290.648743	-1302.279419
2383.354152	-10.169491	-278.375214	-1308.065430
2383.357484	-9.877264	-265.634125	-1311.279907
2383.360820	-9.409702	-253.477509	-1315.020508
2383.364155	-9.701928	-240.561081	-1319.696045
2383.367489	-9.175920	-228.930450	-1322.033936
2383.370819	-9.643483	-215.371124	-1324.430176
2383.374148	-9.468147	-202.454712	-1326.943359
2383.377487	-9.643483	-189.187607	-1327.878418
2383.380819	-9.117476	-175.394516	-1330.216187
2383.384162	-9.117476	-161.542953	-1329.748779
2383.387481	-8.942139	-147.516068	-1329.573364
2383.390820	-8.299240	-133.138519	-1327.293945
2383.394148	-8.533022	-118.644073	-1328.462891
2383.397476	-8.357686	-104.266510	-1327.293945
2383.400811	-8.007013	-90.064285	-1326.534180
2383.404150	-8.007013	-75.336060	-1323.202759
2383.407478	-8.065459	-60.607834	-1321.741699
2383.410818	-8.123904	-45.821156	-1318.819458
2383.414163	-8.007013	-30.450027	-1315.371094
2383.417485	-8.474577	-15.780245	-1310.929321
2383.420811	-8.474577	-0.876680	-1306.136841
2383.424148	-8.708358	15.137346	-1300.526001
2383.428416	-9.234365	46.113384	-1290.648804
2383.431753	-9.643483	61.659847	-1284.278198
2383.434999	-9.994155	77.030975	-1278.141357
2383.438335	-10.169491	91.466980	-1272.121582
2383.441660	-10.929281	106.487427	-1264.582153
2383.444613	-11.747516	121.624779	-1257.159546
2383.447913	-12.098188	136.352997	-1249.503174
2383.451235	-12.507306	150.964340	-1241.379395
2383.454589	-13.676212	164.874344	-1232.027954
2383.457483	-14.085330	179.135010	-1224.371704
2383.460811	-14.260666	192.869659	-1215.488037
2383.464148	-14.669784	205.786087	-1206.428955
2383.467508	-15.137346	218.877838	-1198.714111
2383.470810	-16.014027	231.735825	-1187.083496
2383.474142	-16.306253	244.009354	-1178.024536
2383.477474	-16.890707	256.165985	-1170.017578
2383.480805	-16.890707	268.205750	-1161.250732
2383.484140	-17.124489	279.427246	-1150.379883
2383.487469	-17.825832	291.057861	-1139.625977
2383.490804	-17.533606	301.870239	-1128.988892
2383.494142	-17.708942	312.624207	-1119.988403
2383.497475	-18.001169	322.384583	-1108.942139
2383.500829	-17.767387	332.787842	-1099.707764
2383.504137	-18.059614	342.665100	-1089.187622
2383.507470	-18.176504	352.367035	-1077.966064
2383.510808	-17.592052	362.127411	-1067.562866
2383.514133	-18.001169	370.952667	-1056.692017
2383.517468	-17.942724	379.836334	-1046.230347
2383.520804	-17.475161	388.778503	-1036.119263
2383.524141	-18.351841	397.311523	-1025.189941
2383.527463	-17.825832	405.669220	-1012.741089
2383.530824	-17.825832	413.559326	-1002.688477
2383.534134	-17.767387	421.449432	-992.226807
2383.538739	-17.592052	435.476349	-968.497925
2383.541647	-18.001169	444.418488	-957.510193
2383.544997	-18.176504	451.256561	-947.691467
2383.548361	-18.234951	457.451782	-935.476318
2383.551676	-18.351841	464.056122	-924.196350
2383.554594	-18.760958	470.309784	-912.858032
2383.557910	-19.228521	476.738739	-902.805420
2383.561255	-18.994740	483.635284	-891.350098
2383.564557	-19.637638	488.953827	-880.888367
2383.567893	-19.988310	493.570984	-870.134460
2383.570799	-20.280537	499.298676	-858.094666
2383.574153	-20.222092	505.201630	-847.925171
2383.577469	-20.923437	508.825256	-836.528320
2383.580803	-21.800117	513.150208	-826.826355
2383.584130	-21.624781	517.533569	-815.546387
2383.587467	-22.384571	521.098755	-805.435364
2383.590796	-22.793688	524.079468	-794.447693
2383.594126	-23.085915	527.293945	-784.570435
2383.597461	-22.969025	531.502075	-774.517822
2383.600797	-23.319696	534.424316	-764.815918
2383.604127	-23.611923	537.112793	-755.815308
2383.607458	-24.313267	539.158386	-746.171814
2383.610795	-24.196377	542.314453	-737.112793
2383.614123	-24.605494	544.476868	-728.930481
2383.617460	-24.663939	545.996460	-719.345398
2383.620794	-25.073057	548.042053	-711.046143
2383.624148	-25.073057	549.912292	-702.922241
2383.627458	-25.248394	551.490356	-694.097046
2383.630797	-25.014612	552.834595	-686.031555
2383.634128	-25.248394	553.945068	-678.433655
2383.637460	-25.306839	555.230835	-670.894165
2383.640792	-25.657511	555.581543	-662.770325
2383.644125	-25.073057	556.691956	-653.945068
2383.648763	-25.014612	558.211548	-639.859741
2383.651677	-24.547049	559.029846	-633.080078
2383.655034	-24.079485	558.679138	-625.014587
2383.658382	-24.605494	559.614258	-618.234985
2383.661724	-24.079485	560.023376	-610.578613
2383.664578	-23.787258	560.140259	-603.798950
2383.667882	-24.021040	560.315613	-597.253113
2383.671212	-23.904150	560.315613	-590.122742
2383.674551	-23.845703	561.133850	-582.174133
2383.677871	-23.495031	560.783142	-576.855652
2383.680783	-23.670368	560.666260	-570.017517
2383.684121	-24.021040	560.607788	-563.004089
2383.687455	-23.728813	560.900085	-556.341309
2383.690786	-23.845703	559.789612	-550.146118
2383.694122	-23.728813	560.607788	-543.483337
2383.697482	-24.313267	559.555786	-536.937500
2383.700790	-24.371712	559.380493	-531.034485
2383.704123	-23.845703	558.620667	-525.189941
2383.707452	-24.196377	558.328491	-519.812988
2383.710780	-25.131502	558.796021	-513.267090
2383.714114	-24.605494	557.568665	-508.123932
2383.717444	-25.306839	557.159546	-502.396240
2383.720784	-25.073057	556.808899	-496.960815
2383.724168	-25.131502	556.107544	-492.168335
2383.727450	-25.306839	555.639954	-487.258911
2383.730784	-25.365284	553.594421	-481.414368
2383.734115	-25.715956	554.880188	-477.206329
2383.737452	-25.774401	553.711243	-472.063110
2383.740779	-26.008183	551.957947	-467.796600
2383.744117	-25.774401	552.191711	-463.530121
2383.747468	-26.767973	551.724121	-459.497345
2383.750782	-25.832848	551.139709	-456.224426
2383.754111	-25.715956	549.327881	-452.016357
2383.758814	-25.423729	548.334290	-445.704285
2383.761660	-25.774401	546.931580	-441.671509
2383.765063	-26.066628	546.990051	-438.690796
2383.768364	-25.599066	545.762756	-435.359436
2383.771287	-25.774401	544.360046	-433.196960
2383.774533	-25.540621	544.126221	-429.982483
2383.777900	-25.599066	543.308044	-427.527771
2383.781201	-25.189949	541.788452	-424.430176
2383.784563	-24.897720	541.905334	-422.559937
2383.787864	-24.488602	540.911743	-419.929871
2383.790778	-24.021040	540.035034	-416.189392
2383.794107	-23.845703	539.567505	-414.143738
2383.797443	-23.495031	538.690796	-411.689087
2383.800778	-23.319696	538.164795	-409.351257
2383.804104	-23.378141	537.171265	-406.604340
2383.807444	-23.962595	536.177673	-403.798950
2383.810774	-23.202805	535.476379	-401.694916
2383.814108	-22.618351	536.119202	-400.116882
2383.817435	-22.910578	534.891907	-397.720612
2383.820791	-22.092344	534.541199	-395.558136
2383.824108	-22.793688	533.781433	-393.629456
2383.827472	-23.085915	533.255371	-391.174744
2383.830772	-22.910578	532.554077	-389.362946
2383.834107	-22.501461	531.560486	-387.200470
2383.837447	-23.085915	531.502075	-385.388672
2383.840769	-22.443016	531.560486	-384.161316
2383.844108	-22.793688	530.566956	-382.758606
2383.847439	-23.027470	529.748657	-380.537689
2383.850772	-22.969025	529.865601	-379.719482
2383.854104	-22.910578	528.988892	-377.790771
2383.857439	-22.443016	528.053772	-376.914093
2383.860772	-22.443016	528.229065	-375.511414
2383.864099	-22.852133	527.878418	-375.277618
2383.868302	-23.202805	527.527771	-373.816498
2383.871722	-23.378141	527.352417	-372.705994
2383.875031	-23.027470	527.878418	-373.524261
2383.878296	-23.027470	527.235535	-372.822906
2383.881618	-22.793688	526.475769	-373.758026
2383.884526	-23.085915	527.001770	-373.056702
2383.887859	-22.735243	527.235535	-373.173584
2383.891197	-22.735243	527.819946	-373.816498
2383.894544	-22.501461	527.703125	-373.874939
2383.897433	-22.559906	527.410889	-375.043854
2383.900768	-21.917007	528.404419	-374.517822
2383.904100	-22.092344	528.053772	-375.745178
2383.907429	-21.274109	527.644653	-375.452942
2383.910767	-21.624781	527.118652	-376.329651
2383.914107	-21.040327	527.586243	-376.972534
2383.917436	-20.046755	528.579773	-378.667450
2383.920763	-19.871420	528.813538	-378.901215
2383.924094	-19.520748	527.527771	-380.070129
2383.927433	-19.170076	528.930481	-381.122162
2383.930757	-18.877850	528.988892	-381.239044
2383.934102	-18.644068	529.105835	-383.167755
2383.937430	-18.176504	530.040955	-384.044403
2383.940757	-18.176504	530.333130	-384.570435
2383.944098	-17.416716	530.625366	-386.265350
2383.947427	-16.773817	531.385132	-387.200470
2383.950756	-17.182934	530.216248	-388.661591
2383.954095	-16.598480	531.502075	-390.122711
2383.957459	-16.364700	532.144897	-390.824066
2383.960763	-16.423145	532.261841	-392.051422
2383.964094	-16.072474	532.437195	-393.395691
2383.967426	-16.072474	533.606079	-395.265930
2383.970755	-16.014027	534.716553	-397.253052
2383.974095	-16.306253	534.599609	-398.421967
2383.978389	-15.429573	535.417908	-402.688507
2383.981663	-15.488018	536.060791	-405.026306
2383.984937	-14.611338	537.814148	-407.188782
2383.988336	-14.962010	536.937500	-408.883728
2383.991599	-15.020455	538.632385	-411.572174
2383.994520	-14.552893	539.333740	-414.319122
2383.997846	-14.260666	540.210388	-416.540039
2384.001219	-14.377557	540.619507	-420.222107
2384.004543	-13.676212	540.502625	-422.676788
2384.007421	-13.734658	542.197571	-425.482178
2384.010771	-13.617767	542.840454	-429.222687
2384.014094	-13.267096	542.723572	-432.612518
2384.017422	-12.390414	544.885986	-436.762146
2384.020755	-12.215078	545.587402	-440.911774
2384.024084	-12.156633	546.580933	-444.652283
2384.027414	-11.279953	547.691406	-449.094116
2384.030787	-11.221508	547.925171	-452.717682
2384.034089	-10.812390	548.392761	-456.691986
2384.037413	-9.994155	548.977173	-461.192261
2384.040747	-9.643483	549.269409	-464.523651
2384.044094	-9.000585	550.905884	-470.075989
2384.047420	-8.591467	551.548828	-474.284027
2384.050747	-7.597896	551.841003	-478.199860
2384.054082	-6.954997	552.425476	-483.810608
2384.057416	-6.954997	551.957947	-488.836945
2384.060749	-6.428989	554.295715	-492.811218
2384.064089	-5.318527	554.354187	-497.428406
2384.067418	-4.208066	554.588013	-502.630035
2384.070749	-4.266511	555.698425	-507.948578
2384.074095	-3.272940	556.282837	-513.500854
2384.077425	-2.337814	557.042664	-517.592041
2384.080755	-1.987142	556.399780	-522.501465
2384.084087	-1.578025	557.510254	-527.761536
2384.088685	-0.116891	557.568665	-539.216858
2384.091589	1.227352	558.270020	-543.424866
2384.094960	1.344243	558.094666	-548.977173
2384.098294	2.454705	558.679138	-555.347717
2384.101672	3.156049	559.146667	-560.666260
2384.104564	3.506721	559.380493	-566.452332
2384.107864	3.448276	560.549377	-572.589111
2384.111232	4.091175	559.614258	-578.667480
2384.114498	4.675628	559.322021	-585.973145
2384.117443	5.084745	560.140259	-592.402100
2384.120742	5.435418	559.555786	-599.240234
2384.124083	5.669199	559.672668	-606.078369
2384.127409	6.136762	558.971375	-612.741089
2384.130750	6.604325	559.964966	-620.163635
2384.134070	7.188778	558.211548	-627.352417
2384.137411	7.948568	557.101135	-634.950317
2384.140748	8.942139	557.451782	-641.963745
2384.144080	9.059030	555.289307	-650.496765
2384.147406	9.468147	554.880188	-659.029846
2384.150738	10.344828	554.471069	-665.809509
2384.154072	10.520164	553.302124	-674.810059
2384.157410	10.929281	551.899475	-683.752197
2384.160757	11.455289	550.905884	-692.109863
2384.164074	12.799533	548.568115	-699.064880
2384.167404	13.793103	546.522522	-709.175903
2384.170744	14.903564	545.938049	-717.299866
2384.174088	15.604909	543.074219	-725.715942
2384.177406	16.832262	540.794861	-736.060791
2384.180745	17.884277	537.814148	-745.295166
2384.184076	18.644068	536.236084	-754.529541
2384.187403	20.338982	532.437195	-763.471680
2384.190777	21.157219	530.566956	-772.647583
2384.194073	21.800117	528.462891	-781.414368
2384.198703	24.547049	521.098755	-800.467590
2384.201620	26.125072	517.767395	-809.292786
2384.204955	27.060200	514.026855	-818.585571
2384.208365	28.053770	510.870850	-828.170654
2384.211662	29.047340	507.188782	-838.106323
2384.214545	30.099356	502.454712	-847.457581
2384.217831	31.326708	498.597290	-856.925781
2384.221157	31.911165	494.798370	-866.393921
2384.224494	32.670956	490.122742	-876.855652
2384.227404	33.606079	486.031586	-885.973083
2384.230728	34.658096	480.654572	-894.622986
2384.234082	35.651665	475.102295	-905.552307
2384.237398	36.002338	468.848602	-916.013977
2384.240734	36.762127	464.289917	-924.780823
2384.244063	37.872589	459.029816	-935.301025
2384.247400	38.398598	452.659271	-946.814697
2384.250733	39.450611	446.580933	-955.230896
2384.254061	40.035065	439.158386	-965.283508
2384.257390	41.145531	432.904724	-975.219177
2384.260730	41.437756	426.417297	-985.564026
2384.264060	42.139099	419.345428	-996.551697
2384.267398	43.249561	410.987701	-1007.305603
2384.270764	43.658680	403.682037	-1017.825806
2384.274125	44.009354	395.499695	-1027.644653
2384.277413	45.119812	387.142029	-1038.047852
2384.280725	45.295151	378.492126	-1049.620117
2384.284063	46.522503	369.608429	-1060.140259
2384.287394	47.399181	361.133850	-1069.024048
2384.290725	48.100525	351.315033	-1080.420776
2384.294061	48.860313	341.087067	-1090.882446
2384.297393	50.029224	331.268250	-1099.649292
2384.300730	51.373463	321.332550	-1109.877319
2384.304056	51.957916	310.753937	-1120.572754
2384.308750	53.594387	290.181183	-1140.385742
2384.311598	54.938633	278.959686	-1149.678467
2384.315035	56.165989	267.679718	-1158.386841
2384.318332	57.218002	256.984222	-1168.088867
2384.321620	58.153130	245.762711	-1176.738770
2384.324489	59.263588	234.541199	-1184.628906
2384.327810	59.964931	223.144363	-1191.992920
2384.331148	61.484509	211.689072	-1199.649292
2384.334487	62.302746	199.590881	-1208.474487
2384.337810	63.004089	187.960251	-1216.656982
2384.340716	64.056107	175.511398	-1224.254761
2384.344054	65.341911	164.056107	-1230.391602
2384.347393	66.393921	151.665680	-1237.755737
2384.350723	66.393921	139.450607	-1245.353638
2384.354052	67.153709	127.527763	-1250.847412
2384.357393	67.855057	114.962006	-1257.919312
2384.360714	68.147285	102.454712	-1263.997681
2384.364052	68.731735	90.414963	-1268.790161
2384.367394	69.199303	77.732315	-1273.699585
2384.370718	69.549973	65.166565	-1279.661011
2384.374051	69.491524	52.776154	-1285.213257
2384.377383	70.134422	40.151958	-1290.707153
2384.380714	69.608414	27.177090	-1291.525513
2384.384050	69.725304	14.845119	-1298.597290
2384.387387	69.900642	1.753361	-1302.279419
2384.390717	69.549973	-11.279953	-1304.675659
2384.394043	69.082413	-24.137930	-1307.714722
2384.397388	69.199303	-37.346581	-1311.922852
2384.400725	69.374634	-50.321449	-1314.319092
2384.404046	69.140854	-63.939220	-1314.377563
2384.407384	68.614845	-77.264755	-1317.650513
2384.410718	68.907074	-90.239624	-1318.410278
2384.414048	68.965515	-103.915833	-1320.222046
2384.417379	68.381065	-117.066040	-1320.923462
2384.421677	68.439507	-142.898895	-1318.527222
2384.424980	67.971947	-155.873764	-1320.105225
2384.428347	67.562828	-168.497955	-1318.585571
2384.431605	68.205727	-181.239044	-1317.767456
2384.434886	67.679718	-193.454117	-1315.604858
2384.437805	67.562828	-206.428986	-1314.494385
2384.441142	67.270599	-217.825836	-1310.987793
2384.444491	67.445938	-229.982468	-1306.779663
2384.447801	67.153709	-240.794846	-1304.675659
2384.450711	66.686150	-252.600815	-1301.519531
2384.454042	66.803040	-263.530090	-1296.493286
2384.457377	67.036819	-274.284058	-1292.635864
2384.460707	66.569260	-285.096436	-1288.310913
2384.464105	66.919930	-295.733490	-1283.167725
2384.467382	66.569260	-306.838104	-1276.972534
2384.470708	66.277031	-316.247803	-1271.537109
2384.474074	65.984802	-325.599060	-1264.698975
2384.477373	64.874344	-334.774994	-1261.133911
2384.480707	65.049675	-344.301575	-1252.542358
2384.484042	64.348335	-353.945068	-1245.996460
2384.487372	64.114555	-362.127411	-1239.742798
2384.490713	63.822330	-370.777313	-1233.313843
2384.494040	62.478085	-380.128571	-1226.008179
2384.497371	62.361191	-387.025146	-1218.410278
2384.500703	61.893631	-395.441284	-1211.630615
2384.504060	60.841614	-403.331360	-1203.740479
2384.507371	59.497368	-410.461700	-1195.382812
2384.510699	58.503799	-417.884247	-1187.317383
2384.514043	57.860901	-425.189911	-1179.135010
2384.517372	56.575100	-432.670959	-1170.894287
2384.520703	55.172413	-438.515472	-1162.536499
2384.524036	54.412621	-446.171814	-1153.360596
2384.527375	53.243713	-451.782562	-1142.665039
2384.531616	50.964348	-464.640564	-1124.079468
2384.534920	50.029224	-470.192871	-1113.442383
2384.538213	48.626534	-476.212738	-1104.208130
2384.541598	47.983635	-482.817078	-1093.571045
2384.544905	46.464054	-487.901825	-1082.992310
2384.547854	45.821156	-494.330780	-1073.758057
2384.551124	44.535358	-497.895966	-1061.718262
2384.554481	43.483345	-503.156036	-1050.905884
2384.557816	43.015781	-507.305664	-1040.444214
2384.560707	41.379311	-510.870850	-1030.566895
2384.564060	40.561073	-515.371155	-1019.228577
2384.567360	39.976620	-519.286987	-1007.422546
2384.570705	39.158386	-523.085937	-997.369934
2384.574036	38.690823	-526.709534	-985.505554
2384.577364	37.931034	-529.690247	-974.517822
2384.580698	37.346581	-532.261841	-965.049622
2384.584029	36.703682	-536.236084	-955.406189
2384.587362	35.885448	-538.983032	-943.483337
2384.590718	35.593220	-539.918213	-932.086487
2384.594033	34.891876	-543.541748	-920.397461
2384.597365	34.307423	-545.061340	-912.390442
2384.600695	33.606079	-547.106934	-900.759766
2384.604044	33.313854	-548.860291	-890.882507
2384.607365	32.670956	-550.847412	-881.180542
2384.610692	31.618935	-553.009949	-871.420166
2384.614031	31.618935	-553.652832	-861.893677
2384.617362	30.099356	-555.406189	-851.256592
2384.620688	29.573349	-556.282837	-842.314453
2384.624029	28.462887	-558.386902	-833.255371
2384.627357	28.170660	-558.445374	-822.618408
2384.630693	27.352425	-558.503845	-814.728271
2384.634040	26.651081	-560.257141	-804.850952
2384.637374	25.774401	-561.133850	-795.499695
2384.641953	23.611923	-562.478088	-778.141479
2384.644882	23.027470	-562.828735	-769.608398
2384.648219	22.267679	-563.296326	-760.666260
2384.651580	20.923437	-563.413208	-750.789001
2384.654900	20.455875	-563.588501	-743.308044
2384.657805	19.403856	-563.413208	-734.716553
2384.661134	18.468731	-563.939209	-725.073059
2384.664473	17.825832	-564.348328	-717.124512
2384.667786	16.598480	-563.588501	-709.234375
2384.671114	15.955583	-564.114563	-700.467590
2384.674018	15.020455	-563.705444	-693.103455
2384.677379	14.611338	-563.354797	-685.154846
2384.680684	13.150205	-563.880798	-677.557007
2384.684024	12.507306	-563.646973	-668.848633
2384.687350	11.689071	-562.536499	-662.068970
2384.690687	10.637054	-563.004089	-654.471069
2384.694023	10.286383	-562.478088	-644.885986
2384.697348	9.760374	-562.185852	-638.690796
2384.700685	9.643483	-561.016968	-631.092957
2384.704020	8.883694	-560.432495	-623.495056
2384.707350	8.766803	-559.205139	-616.949158
2384.710684	7.714787	-559.964966	-609.175903
2384.714012	7.656341	-558.094666	-603.331360
2384.717351	6.838106	-557.451782	-596.785522
2384.720685	7.013443	-557.276428	-590.298096
2384.724016	6.428989	-556.516663	-583.869080
2384.727372	6.136762	-555.698425	-577.966125
2384.730684	5.493863	-554.354187	-571.829346
2384.734021	5.260082	-553.945068	-566.686157
2384.737347	4.792519	-552.951477	-561.484497
2384.740685	4.149620	-552.133301	-556.282837
2384.744018	3.798948	-551.607239	-551.782532
2384.747345	4.091175	-550.263000	-546.990051
2384.751970	3.039158	-548.918762	-536.703674
2384.754896	2.220923	-547.749878	-532.028076
2384.758224	1.870251	-547.048523	-528.170654
2384.761606	1.285798	-546.464050	-523.962585
2384.764967	1.402689	-545.061340	-519.170105
2384.767844	0.818235	-544.593811	-515.195801
2384.771106	0.175336	-544.593811	-510.695496
2384.774435	-0.058445	-543.892456	-507.656342
2384.777781	-1.344243	-542.782043	-503.798950
2384.781099	-1.870251	-542.080627	-501.694916
2384.784008	-2.162478	-541.379333	-497.253082
2384.787341	-2.922268	-540.619507	-493.629456
2384.790678	-3.506721	-539.859741	-490.122742
2384.794005	-3.448276	-539.976624	-486.732910
2384.797347	-3.974284	-539.216858	-483.635284
2384.800674	-4.734074	-537.755676	-479.836365
2384.804008	-5.552309	-537.346619	-475.336060
2384.807354	-5.552309	-537.112793	-471.770905
2384.810676	-6.779661	-536.236084	-469.666870
2384.814011	-6.662770	-535.417908	-466.627686
2384.817345	-7.247224	-534.833435	-464.056122
2384.820673	-7.831677	-534.073608	-460.783142
2384.824027	-8.357686	-534.015198	-458.445374
2384.827344	-8.182350	-533.080078	-456.750427
2384.830679	-8.766803	-531.852722	-454.295715
2384.834006	-9.409702	-532.320251	-451.490356
2384.837344	-9.234365	-531.735840	-449.561646
2384.840674	-10.227938	-530.917603	-447.340729
2384.844005	-9.526592	-530.859131	-444.243134
2384.847338	-9.585038	-529.807129	-442.782013
2384.850680	-9.468147	-529.398010	-441.087097
2384.854008	-9.877264	-528.988892	-439.625916
2384.857333	-10.169491	-527.761536	-437.931000
2384.860666	-9.935710	-527.293945	-436.236084
2384.864878	-9.877264	-527.878418	-435.417877
2384.868231	-10.929281	-528.053772	-433.722961
2384.871594	-10.987726	-526.300415	-432.144928
2384.874940	-10.461719	-527.177124	-431.677399
2384.878182	-10.812390	-525.891296	-431.268250
2384.881122	-11.455289	-526.709534	-431.092926
2384.884426	-10.520164	-525.599060	-431.209808
2384.887794	-10.987726	-526.417297	-430.683807
2384.891088	-11.396844	-525.774414	-431.268250
2384.894425	-11.221508	-526.125061	-431.268250
2384.897329	-11.513735	-526.241943	-431.852722
2384.900670	-11.805962	-526.008179	-430.976044
2384.903998	-12.215078	-525.599060	-430.566925
2384.907327	-12.273524	-525.599060	-431.911194
2384.910666	-12.624197	-526.475769	-432.144928
2384.913996	-12.624197	-526.417297	-432.437195
2384.917328	-12.565751	-527.469299	-433.080048
2384.920716	-13.208650	-526.884827	-433.664520
2384.923997	-13.793103	-527.936890	-434.716553
2384.927333	-13.734658	-527.878418	-436.002350
2384.930694	-14.202221	-527.527771	-436.411469
2384.933998	-14.611338	-528.813538	-438.632385
2384.937332	-15.488018	-528.462891	-438.807739
2384.940661	-15.838690	-529.047363	-439.567505
2384.943998	-15.546463	-528.696655	-440.619507
2384.947330	-15.604909	-529.047363	-440.853302
2384.950661	-16.014027	-529.924011	-441.554626
2384.953999	-16.130919	-531.268250	-443.483337
2384.957330	-16.247808	-530.508484	-445.295135
2384.960664	-15.955583	-531.677368	-445.587402
2384.963995	-16.773817	-531.852722	-448.451172
2384.967328	-16.364700	-531.794250	-450.379883
2384.970660	-16.481590	-532.554077	-451.548828
2384.974946	-16.773817	-533.606079	-455.815308
2384.978243	-16.247808	-534.307434	-457.159576
2384.981574	-16.832262	-533.722961	-459.672699
2384.984846	-17.007599	-535.125610	-462.828735
2384.988170	-16.598480	-536.236084	-465.634155
2384.991080	-16.540035	-536.762146	-468.205750
2384.994419	-16.014027	-537.112793	-470.835785
2384.997743	-16.481590	-537.171265	-473.290497
2385.001082	-16.598480	-538.983032	-475.569824
2385.003986	-16.189363	-539.742859	-480.187042
2385.007317	-16.598480	-540.736389	-484.570404
2385.010656	-15.955583	-540.677979	-487.901825
2385.013993	-16.189363	-542.022217	-490.882538
2385.017324	-15.897136	-542.782043	-494.272369
2385.020655	-15.897136	-544.184692	-498.071289
2385.023992	-16.130919	-544.009338	-502.863831
2385.027323	-15.780245	-544.652283	-507.247223
2385.030658	-15.838690	-546.347168	-510.695496
2385.033988	-16.423145	-547.223877	-516.013977
2385.037318	-16.423145	-547.632996	-520.280579
2385.040650	-16.715372	-548.568115	-524.605530
2385.043985	-16.481590	-549.094116	-529.398010
2385.047311	-16.949154	-550.379883	-534.190491
2385.050647	-16.832262	-552.016357	-539.976624
2385.053980	-17.708942	-552.425476	-544.301575
2385.057313	-17.650497	-553.068420	-549.737000
2385.060670	-17.767387	-554.295715	-553.360596
2385.063979	-17.475161	-554.821716	-559.380493
2385.067320	-18.001169	-555.289307	-563.997681
2385.070651	-18.760958	-556.984253	-570.485107
2385.073982	-18.819405	-557.627075	-574.985413
2385.077314	-18.468731	-558.912903	-581.472839
2385.080650	-18.994740	-559.789612	-586.557556
2385.084882	-18.819405	-561.776733	-597.954407
2385.088160	-18.410286	-560.490967	-604.500305
2385.091503	-19.111629	-562.361206	-609.468140
2385.094830	-19.053185	-563.062500	-615.780273
2385.098181	-19.520748	-563.880798	-622.384521
2385.101079	-19.286966	-564.231445	-628.521362
2385.104464	-19.345411	-565.575684	-635.300964
2385.107758	-19.111629	-565.751038	-641.846924
2385.111093	-19.345411	-566.686157	-648.451172
2385.114407	-19.111629	-566.569275	-655.289307
2385.117313	-18.877850	-567.387512	-661.893616
2385.120643	-19.111629	-568.381042	-669.316223
2385.123978	-19.170076	-568.497925	-676.855652
2385.127312	-18.527178	-568.614868	-684.570435
2385.130642	-18.293396	-568.731750	-691.817688
2385.133975	-17.708942	-569.316223	-699.473999
2385.137310	-17.942724	-569.549988	-707.831665
2385.140646	-18.176504	-569.491516	-715.897156
2385.143980	-17.475161	-570.660461	-724.313232
2385.147331	-17.767387	-569.491516	-733.547668
2385.150643	-16.890707	-570.485107	-740.736389
2385.153975	-17.182934	-569.433044	-750.438354
2385.157303	-16.890707	-569.433044	-757.860901
2385.160637	-16.832262	-570.251343	-767.504395
2385.163973	-16.890707	-568.907043	-776.621887
2385.167304	-16.773817	-568.497925	-784.687317
2385.170636	-17.066044	-568.439514	-794.915222
2385.174001	-16.949154	-568.264160	-803.623596
2385.177311	-17.767387	-567.329041	-812.565735
2385.180633	-17.124489	-567.329041	-822.676758
2385.183977	-17.650497	-566.277039	-831.794250
2385.187310	-17.533606	-565.108093	-841.905334
2385.190677	-17.708942	-563.822327	-851.490417
2385.195275	-18.468731	-561.776733	-871.186462
2385.198179	-18.293396	-561.250732	-880.654602
2385.201531	-19.053185	-559.672668	-889.304565
2385.204900	-19.403856	-558.328491	-898.538879
2385.208232	-19.111629	-556.575134	-909.117493
2385.211088	-18.994740	-554.237244	-917.650513
2385.214401	-18.877850	-552.425476	-927.936829
2385.217720	-19.462303	-551.022827	-937.580383
2385.221066	-19.929865	-549.503235	-946.814697
2385.224384	-20.163647	-547.165405	-957.042725
2385.227294	-19.871420	-544.593811	-966.101746
2385.230628	-19.754528	-542.197571	-977.147888
2385.233993	-19.929865	-538.749268	-986.089966
2385.237296	-20.046755	-537.054321	-995.207520
2385.240639	-19.812975	-533.547668	-1005.318542
2385.243967	-19.286966	-529.982483	-1015.780273
2385.247296	-19.111629	-527.761536	-1024.313232
2385.250624	-19.462303	-523.845703	-1034.307373
2385.253958	-18.644068	-520.046753	-1043.833984
2385.257296	-18.819405	-516.540039	-1052.893066
2385.260629	-17.825832	-513.091736	-1064.348267
2385.263958	-17.884277	-508.416138	-1073.348877
2385.267332	-17.592052	-504.617157	-1082.349487
2385.270627	-17.650497	-500.175323	-1093.278809
2385.273965	-17.241379	-494.506134	-1103.331421
2385.277323	-17.007599	-489.772095	-1111.922852
2385.280626	-17.124489	-484.687317	-1121.624756
2385.283962	-16.656927	-479.485718	-1130.391602
2385.287290	-16.832262	-472.589111	-1139.684448
2385.290626	-16.481590	-467.329041	-1150.204590
2385.293955	-16.423145	-460.783142	-1159.322021
2385.297290	-16.598480	-455.756866	-1168.322632
2385.300626	-16.832262	-449.444763	-1175.102295
2385.305306	-16.715372	-435.710083	-1192.226807
2385.308164	-16.656927	-428.229095	-1199.766235
2385.311542	-17.475161	-422.968994	-1208.942139
2385.314886	-17.124489	-415.195801	-1215.195801
2385.318143	-17.767387	-408.240784	-1223.494995
2385.321096	-18.293396	-400.642914	-1231.268311
2385.324380	-18.293396	-393.512573	-1238.340210
2385.327723	-18.351841	-386.031555	-1245.236694
2385.331051	-18.585623	-377.440094	-1249.620117
2385.334373	-18.527178	-369.842194	-1257.568604
2385.337284	-19.345411	-361.893616	-1263.062622
2385.340620	-18.877850	-353.126831	-1268.907104
2385.343952	-19.403856	-345.119812	-1273.231934
2385.347288	-20.163647	-336.703674	-1280.596191
2385.350623	-20.981882	-328.053772	-1284.336670
2385.353951	-20.163647	-319.520752	-1290.415039
2385.357286	-20.397429	-309.818817	-1293.921631
2385.360626	-20.981882	-300.292236	-1298.246704
2385.363994	-20.455875	-291.817627	-1302.571533
2385.367287	-21.098774	-282.115723	-1306.838135
2385.370620	-20.514320	-272.472229	-1309.000610
2385.373954	-20.689655	-262.828766	-1312.624146
2385.377288	-20.864992	-252.834610	-1314.494385
2385.380618	-20.397429	-242.665100	-1317.767456
2385.383956	-20.572765	-233.080078	-1319.286987
2385.387282	-20.397429	-222.209244	-1321.624756
2385.390617	-20.222092	-211.513733	-1323.261230
2385.393953	-19.871420	-201.344254	-1325.306763
2385.397283	-19.111629	-190.122742	-1326.709595
2385.400617	-19.053185	-178.725891	-1328.287476
2385.403949	-19.053185	-168.439514	-1329.339600
2385.407302	-19.286966	-157.334885	-1328.988892
2385.410619	-18.877850	-145.879608	-1329.398071
2385.414876	-18.702513	-123.319695	-1330.274658
2385.418216	-18.234951	-111.747513	-1327.761597
2385.421537	-18.234951	-100.175331	-1326.651123
2385.424801	-18.644068	-88.953827	-1324.780884
2385.428129	-19.053185	-77.907654	-1324.137939
2385.431472	-18.644068	-66.686150	-1320.981934
2385.434362	-18.644068	-54.763298	-1320.514282
2385.437703	-19.579193	-43.249561	-1318.001221
2385.441057	-19.345411	-31.677380	-1314.494385
2385.444385	-19.929865	-19.696083	-1311.279907
2385.447280	-20.806547	-8.883694	-1308.825195
2385.450619	-21.098774	3.272940	-1306.487427
2385.453939	-21.274109	14.377557	-1300.526001
2385.457277	-21.741673	25.482174	-1298.772583
2385.460611	-22.150789	36.294563	-1297.077759
2385.463938	-23.085915	47.457626	-1290.765625
2385.467279	-22.793688	58.854473	-1285.213257
2385.470607	-23.495031	69.491524	-1280.888428
2385.473939	-23.962595	80.420807	-1277.089355
2385.477268	-24.547049	90.999420	-1270.426636
2385.480639	-24.313267	101.811806	-1267.212158
2385.483937	-24.956165	111.689064	-1260.607788
2385.487273	-25.365284	123.085915	-1256.399780
2385.490614	-25.657511	132.846283	-1249.503174
2385.493945	-25.423729	143.717117	-1244.126221
2385.497266	-25.540621	153.535934	-1238.866089
2385.500606	-25.423729	163.530106	-1231.911133
2385.503937	-25.657511	173.874924	-1226.300415
2385.507268	-25.774401	183.810638	-1219.754517
2385.510633	-25.365284	193.804794	-1212.039795
2385.513937	-25.306839	203.331375	-1207.773193
2385.517275	-25.832848	213.208649	-1200.175415
2385.520601	-25.248394	222.443008	-1192.986572
2385.524874	-24.780828	240.970184	-1178.667480
2385.528116	-24.663939	249.561661	-1171.770874
2385.531454	-24.079485	258.971344	-1164.991211
2385.534796	-24.196377	267.387482	-1157.744019
2385.538138	-23.845703	276.797211	-1150.263062
2385.541020	-23.495031	285.388672	-1142.898804
2385.544391	-23.904150	293.804779	-1135.710205
2385.547720	-23.787258	301.753357	-1127.001709
2385.551046	-23.787258	311.046173	-1118.410278
2385.554384	-23.962595	319.520752	-1111.689087
2385.557270	-24.196377	327.001770	-1103.156128
2385.560597	-24.430157	334.658112	-1096.668579
2385.563932	-24.313267	342.080658	-1088.720093
2385.567271	-24.021040	349.269440	-1079.953247
2385.570599	-24.371712	355.990662	-1071.420166
2385.573930	-24.137930	363.822327	-1064.289795
2385.577268	-24.547049	370.426666	-1055.815308
2385.580598	-25.073057	377.440094	-1047.399170
2385.583935	-25.949738	384.044403	-1040.619507
2385.587263	-25.657511	390.122711	-1031.911133
2385.590597	-26.358854	395.908844	-1024.956177
2385.593927	-26.534191	401.811798	-1017.416687
2385.597286	-27.001753	407.831665	-1009.175964
2385.600597	-27.995323	413.325562	-1001.811768
2385.603930	-27.352425	419.053162	-993.570984
2385.607264	-27.819988	424.021057	-985.622437
2385.610600	-27.703098	429.631805	-977.440063
2385.613928	-28.229105	433.956757	-971.127991
2385.617264	-28.696669	439.158386	-963.880737
2385.620612	-28.638224	444.067810	-956.984253
2385.623928	-29.047340	448.392761	-949.444763
2385.627265	-29.281122	453.477478	-942.080688
2385.630590	-28.930450	457.276428	-934.950378
2385.635226	-28.579777	465.283447	-920.163635
2385.638126	-28.229105	468.731750	-914.085266
2385.641488	-28.053770	472.764435	-906.896606
2385.644803	-28.404442	476.504944	-900.116943
2385.648197	-27.819988	480.303894	-892.694397
2385.651035	-27.936878	484.511993	-886.849792
2385.654371	-27.878433	486.849792	-878.784363
2385.657679	-27.819988	491.057861	-872.881348
2385.661017	-27.293980	494.155457	-865.283508
2385.664345	-26.826418	497.077759	-859.906494
2385.667257	-26.767973	498.655762	-852.834595
2385.670589	-26.767973	502.104034	-845.704285
2385.673926	-26.592636	505.610748	-838.866150
2385.677253	-26.241964	509.175934	-832.086487
2385.680584	-25.891293	511.221497	-826.008240
2385.683930	-26.183519	513.734680	-818.293396
2385.687257	-26.066628	515.838684	-813.325500
2385.690591	-25.657511	518.293396	-806.370544
2385.693918	-25.949738	520.397400	-800.701355
2385.697256	-26.008183	522.559937	-794.506104
2385.700584	-26.066628	524.488586	-789.655151
2385.703914	-26.534191	527.177124	-784.161316
2385.707252	-26.300409	528.112244	-777.790771
2385.710585	-26.417299	530.216248	-772.764465
2385.713946	-26.358854	531.326721	-767.036804
2385.717255	-26.534191	533.839844	-760.900085
2385.720618	-26.709526	534.658081	-757.276428
2385.723919	-26.884863	535.651672	-752.133301
2385.727265	-27.177090	537.755676	-746.697876
2385.730582	-27.352425	538.807739	-741.671509
2385.733913	-26.884863	540.502625	-736.294556
2385.737253	-26.767973	541.437744	-733.021667
2385.740580	-27.761543	542.197571	-726.767944
2385.743917	-27.469316	542.898865	-722.501465
2385.748114	-27.819988	544.710693	-715.780273
2385.751469	-27.819988	545.470459	-711.104614
2385.754834	-28.287550	546.580933	-706.721191
2385.758167	-27.703098	547.574524	-702.337830
2385.761033	-27.761543	548.217468	-699.824646
2385.764380	-27.060200	549.152588	-695.207520
2385.767671	-27.644651	549.737000	-691.291687
2385.771016	-27.118645	551.198120	-686.499146
2385.774342	-27.060200	550.613708	-682.992432
2385.777247	-27.235535	550.847412	-680.245422
2385.780581	-26.358854	551.724121	-676.271179
2385.783906	-26.709526	553.009949	-674.517822
2385.787246	-26.241964	553.477478	-670.134399
2385.790573	-25.540621	553.302124	-666.861511
2385.793913	-25.832848	554.295715	-664.406799
2385.797239	-25.365284	553.594421	-660.490967
2385.800572	-25.073057	554.821716	-656.575134
2385.803908	-25.014612	554.997070	-653.009949
2385.807258	-24.780828	555.639954	-650.613708
2385.810569	-24.605494	555.873779	-648.042053
2385.813906	-24.371712	556.049133	-646.347168
2385.817337	-23.904150	555.581543	-642.548218
2385.820579	-24.547049	556.049133	-640.385742
2385.823902	-23.787258	557.451782	-637.872620
2385.827241	-23.611923	557.685547	-636.060791
2385.830571	-23.553476	556.165955	-634.307434
2385.833903	-23.495031	556.925781	-631.735840
2385.837270	-23.495031	557.744019	-631.034485
2385.840576	-23.378141	557.685547	-626.651123
2385.843906	-23.261251	557.860901	-624.839233
2385.847240	-23.728813	558.270020	-624.897705
2385.850582	-23.670368	558.796021	-622.209229
2385.853903	-23.553476	558.912903	-621.215698
2385.858110	-23.845703	558.912903	-617.066040
2385.861449	-23.495031	558.386902	-616.481567
2385.864820	-24.079485	558.562256	-614.377563
2385.868192	-23.670368	557.627075	-614.611328
2385.871046	-23.378141	559.146667	-613.208618
2385.874332	-23.319696	558.270020	-611.455322
2385.877656	-23.728813	558.796021	-611.163025
2385.881022	-23.904150	558.503845	-611.104614
2385.884327	-23.611923	558.562256	-609.643494
2385.887229	-23.904150	558.211548	-610.169495
2385.890567	-22.969025	558.036255	-608.007019
2385.893899	-23.085915	558.328491	-609.000610
2385.897231	-22.793688	559.146667	-608.533020
2385.900570	-23.436586	557.393372	-607.831665
2385.903898	-23.027470	558.445374	-608.065491
2385.907227	-22.676798	558.153076	-608.240784
2385.910585	-22.267679	558.737549	-607.773193
2385.913896	-21.917007	558.153076	-608.299255
2385.917228	-21.391001	558.679138	-608.240784
2385.920562	-20.981882	559.555786	-607.773193
2385.923904	-20.864992	559.146667	-607.305664
2385.927227	-20.748100	558.445374	-608.474609
2385.930559	-20.046755	559.029846	-608.416138
2385.933900	-20.572765	557.860901	-609.409729
2385.937228	-19.929865	558.854492	-609.059021
2385.940560	-19.579193	558.445374	-609.935730
2385.943892	-19.286966	558.094666	-609.935730
2385.947234	-18.877850	558.679138	-611.805969
2385.950564	-18.351841	557.802429	-612.565735
2385.953914	-18.176504	557.451782	-613.617737
2385.957228	-17.592052	559.263611	-613.559326
2385.960562	-17.358271	558.796021	-614.319153
2385.963894	-17.416716	558.094666	-615.897156
2385.968103	-16.949154	557.276428	-618.760986
2385.971521	-16.773817	557.860901	-620.689697
2385.974815	-16.540035	558.445374	-621.390991
2385.978154	-16.364700	558.270020	-622.852112
2385.981404	-16.247808	557.217957	-624.956177
2385.984335	-16.423145	557.685547	-627.352417
2385.987646	-15.955583	556.984253	-628.579773
2385.991017	-15.955583	558.036255	-631.268250
2385.994313	-15.780245	557.393372	-633.313843
2385.997227	-15.897136	556.984253	-635.476379
2386.000558	-15.604909	556.458252	-637.697266
2386.003886	-15.195791	556.282837	-639.625916
2386.007224	-15.254237	556.633545	-641.554626
2386.010553	-15.078900	555.523132	-645.061340
2386.013890	-14.786674	554.120422	-647.808289
2386.017221	-14.845119	555.347717	-650.496765
2386.020550	-14.436002	554.938660	-653.360596
2386.023915	-14.377557	554.237244	-656.049133
2386.027219	-13.851549	553.711243	-658.386902
2386.030556	-13.500876	554.237244	-662.302734
2386.033889	-13.734658	553.594421	-665.166565
2386.037219	-12.741087	552.425476	-669.023926
2386.040581	-12.624197	552.191711	-672.238464
2386.043885	-11.922852	551.841003	-674.751587
2386.047214	-11.455289	551.665710	-679.018127
2386.050546	-10.695500	550.789001	-681.589722
2386.053888	-10.695500	550.613708	-685.856262
2386.057217	-9.935710	549.094116	-689.187622
2386.060549	-9.234365	549.678589	-692.986511
2386.063884	-9.117476	549.094116	-696.610168
2386.067217	-8.708358	548.158997	-699.883118
2386.070553	-8.299240	547.165405	-704.675598
2386.075277	-6.604325	546.054932	-712.039734
2386.078192	-6.545880	544.827576	-717.182922
2386.081467	-5.727644	544.184692	-720.280579
2386.084756	-5.026300	543.366455	-724.897705
2386.088066	-4.734074	541.320862	-729.281128
2386.090972	-4.500292	540.736389	-734.132080
2386.094300	-3.857393	539.859741	-739.216858
2386.097639	-3.623612	538.515503	-743.249573
2386.100971	-3.448276	537.229675	-747.574524
2386.103879	-2.922268	536.236084	-752.367004
2386.107211	-2.454705	534.424316	-758.211548
2386.110546	-1.052016	534.015198	-761.776733
2386.113875	-1.636470	531.268250	-767.621277
2386.117215	-0.935126	529.573364	-773.465820
2386.120565	-1.052016	527.644653	-778.083008
2386.123877	-0.876680	526.475769	-783.459961
2386.127214	-0.058445	523.904114	-789.070679
2386.130543	0.233781	523.144348	-796.317932
2386.133872	1.052016	521.040344	-801.519592
2386.137207	0.759790	519.053162	-807.130310
2386.140541	1.227352	516.773804	-813.500854
2386.143873	1.636470	514.552856	-818.410278
2386.147207	1.636470	511.572174	-825.073059
2386.150546	1.928697	509.877258	-830.157776
2386.153876	2.922268	507.247223	-837.288086
2386.157205	2.805377	505.610748	-843.892456
2386.160541	3.389831	502.454712	-849.620178
2386.163901	4.500292	499.824677	-857.744019
2386.167209	5.260082	496.960815	-863.413208
2386.170543	5.143191	493.863251	-869.023987
2386.173870	5.610754	491.467010	-875.336060
2386.177207	6.545880	487.843384	-882.466431
2386.180535	6.779661	484.687317	-889.246094
2386.184797	8.474577	477.323212	-902.513123
2386.188108	9.585038	474.167145	-907.656372
2386.191390	9.994155	469.900665	-915.663330
2386.194724	10.870836	465.984833	-920.748169
2386.198054	11.689071	461.718262	-927.177063
2386.200962	12.682642	457.860901	-935.768494
2386.204297	13.500876	455.347717	-942.840454
2386.207670	14.260666	450.496765	-949.327881
2386.210981	14.903564	446.054932	-956.224426
2386.214321	15.429573	441.554626	-962.711914
2386.217246	15.780245	436.820557	-970.017517
2386.220539	17.007599	432.612518	-976.388062
2386.223868	17.416716	427.177094	-984.102844
2386.227200	17.825832	422.209229	-992.343628
2386.230534	18.760958	417.241394	-999.590881
2386.233864	19.520748	412.098175	-1006.019897
2386.237199	19.696083	406.604340	-1013.267151
2386.240529	19.929865	401.168915	-1020.163635
2386.243863	20.222092	395.733490	-1027.527832
2386.247199	20.572765	390.239624	-1033.839844
2386.250531	20.981882	383.226166	-1042.022217
2386.253864	21.449446	377.732330	-1049.444824
2386.257205	21.975452	371.770874	-1056.808838
2386.260528	22.559906	365.809479	-1062.945679
2386.263864	23.144360	358.679138	-1072.530640
2386.267198	22.852133	351.665680	-1080.537720
2386.270528	22.735243	345.587372	-1086.265381
2386.273858	23.319696	337.638794	-1094.389282
2386.277197	23.904150	331.268250	-1101.052002
2386.280525	23.436586	324.079498	-1108.766846
2386.283859	24.663939	316.481598	-1116.247803
2386.287193	24.547049	309.701904	-1122.209229
2386.290565	24.956165	301.987152	-1128.638306
2386.295164	26.884863	286.323792	-1143.600220
2386.298050	26.241964	278.141418	-1151.022827
2386.301381	27.293980	270.017517	-1157.276489
2386.304756	28.170660	262.770325	-1163.120972
2386.308063	28.872004	254.178833	-1171.186401
2386.310974	29.398012	246.171829	-1177.381592
2386.314313	30.391582	238.281708	-1184.161255
2386.317657	30.742254	229.456451	-1189.830444
2386.320939	31.443600	221.215652	-1196.727051
2386.324291	32.144947	212.741089	-1200.233765
2386.327195	33.196960	203.798935	-1208.182373
2386.330522	34.015198	195.149048	-1214.026978
2386.333857	34.950321	186.148453	-1218.059692
2386.337225	35.125656	176.914078	-1225.540649
2386.340523	36.177673	167.270599	-1231.677368
2386.343856	36.586792	158.796021	-1237.346558
2386.347184	37.229691	149.503220	-1242.255981
2386.350520	37.171246	140.385742	-1247.866699
2386.353852	37.755699	130.450027	-1252.308594
2386.357184	38.281708	121.040329	-1256.692017
2386.360518	38.223259	111.279953	-1260.315552
2386.363852	39.099941	101.928696	-1265.926392
2386.367186	39.041496	91.992989	-1270.660400
2386.370516	39.158386	82.349503	-1275.160645
2386.373852	39.684395	72.706017	-1278.725952
2386.377185	38.690823	62.887199	-1281.998779
2386.380598	39.742840	53.009933	-1288.018677
2386.383849	39.392166	42.197548	-1290.707153
2386.387187	39.450611	32.787846	-1294.389282
2386.390522	39.158386	22.910578	-1299.181763
2386.393846	39.567505	12.682642	-1302.688477
2386.397183	39.216831	2.513150	-1304.091187
2386.400515	39.450611	-8.182350	-1306.428955
2386.405160	38.690823	-28.404442	-1311.279907
2386.408052	39.392166	-38.924606	-1312.507324
2386.411392	39.099941	-48.918758	-1316.423096
2386.414820	38.690823	-58.971363	-1317.767456
2386.418104	38.807713	-68.907074	-1320.864990
2386.420939	38.457043	-78.725891	-1320.981934
2386.424311	39.099941	-88.720047	-1322.618408
2386.427604	39.275276	-98.012856	-1322.326050
2386.430940	39.041496	-108.299240	-1324.722412
2386.434276	39.450611	-117.942726	-1325.131470
2386.437178	39.158386	-127.703094	-1325.365234
2386.440508	39.859730	-137.638809	-1323.962646
2386.443842	40.035065	-146.697845	-1324.371704
2386.447181	39.567505	-156.691986	-1324.371704
2386.450511	40.210403	-165.751022	-1323.085937
2386.453848	40.151958	-175.569839	-1323.845703
2386.457178	39.742840	-185.213333	-1321.916992
2386.460507	40.385738	-193.687897	-1319.871460
2386.463846	40.619518	-202.688477	-1319.228516
2386.467179	40.502628	-211.805969	-1316.014038
2386.470511	40.385738	-220.689651	-1315.546387
2386.473842	40.736408	-229.514908	-1313.442383
2386.477171	40.385738	-238.047928	-1311.455200
2386.480503	40.093510	-245.587372	-1308.591431
2386.483841	40.151958	-254.061966	-1305.844482
2386.487171	40.327293	-262.770325	-1302.571533
2386.490508	40.093510	-270.952667	-1300.818237
2386.493840	39.859730	-278.842773	-1296.902344
2386.497173	39.216831	-287.083588	-1294.798340
2386.500505	39.041496	-294.915253	-1290.064331
2386.503839	38.749268	-303.097595	-1286.674561
2386.507175	38.515488	-311.221497	-1282.933960
2386.510543	37.931034	-318.819397	-1277.849243
2386.515180	36.703682	-333.781403	-1270.192871
2386.518110	36.411457	-340.561066	-1267.504395
2386.521441	35.593220	-347.983643	-1260.198730
2386.524765	34.716541	-355.698425	-1255.523071
2386.528021	34.073643	-362.945648	-1251.373535
2386.530929	33.313854	-369.374634	-1244.593750
2386.534259	32.670956	-376.037415	-1238.866089
2386.537585	32.028053	-382.232605	-1234.424316
2386.540930	31.502045	-388.603149	-1228.404419
2386.544256	31.092926	-395.032135	-1221.741699
2386.547171	30.625364	-400.759796	-1216.598511
2386.550499	29.865574	-406.604340	-1210.461670
2386.553855	29.865574	-412.916412	-1203.331421
2386.557165	28.930450	-418.351837	-1197.954346
2386.560499	27.995323	-423.728790	-1191.642334
2386.563835	27.703098	-429.339539	-1186.206909
2386.567174	27.352425	-434.599640	-1178.725952
2386.570496	26.592636	-439.567505	-1171.654053
2386.573835	26.651081	-444.184692	-1166.686157
2386.577167	26.709526	-449.327911	-1160.432495
2386.580496	25.774401	-454.061951	-1153.535889
2386.583829	26.183519	-458.094696	-1146.814697
2386.587167	26.066628	-461.952057	-1139.275269
2386.590491	25.189949	-466.919952	-1131.092896
2386.593831	25.014612	-471.069519	-1124.313232
2386.597200	25.131502	-474.459351	-1117.650513
2386.600493	25.014612	-479.953247	-1110.870850
2386.603829	24.137930	-483.752197	-1105.260132
2386.607161	23.670368	-488.077148	-1098.421997
2386.610497	22.735243	-492.051422	-1090.122681
2386.613831	22.735243	-493.629456	-1083.401489
2386.617163	21.800117	-497.720612	-1077.147827
2386.620495	21.683226	-501.227325	-1068.907104
2386.623824	21.215664	-504.909424	-1061.016968
2386.628090	19.871420	-510.520172	-1047.282349
2386.631409	19.637638	-512.331970	-1039.099976
2386.634700	19.111629	-516.013977	-1032.437134
2386.638011	18.001169	-519.345398	-1026.417236
2386.640954	17.825832	-521.624817	-1019.929871
2386.644243	16.715372	-524.196411	-1014.143738
2386.647578	16.072474	-526.592651	-1006.078369
2386.650916	15.137346	-529.222656	-997.136230
2386.654270	14.728229	-531.034485	-990.824036
2386.657153	14.085330	-533.255371	-983.693787
2386.660492	13.617767	-534.599609	-977.147888
2386.663823	12.448860	-536.236084	-970.192932
2386.667178	11.630626	-539.158386	-963.588501
2386.670528	11.104617	-540.911743	-957.451843
2386.673824	10.578609	-542.197571	-951.198120
2386.677158	9.935710	-544.067810	-943.775574
2386.680484	9.877264	-545.645813	-937.814148
2386.683848	9.234365	-547.516052	-931.151367
2386.687153	8.942139	-548.977173	-925.248413
2386.690484	8.182350	-550.204590	-918.410278
2386.693822	7.656341	-551.139709	-911.805908
2386.697151	7.773232	-552.776123	-905.610779
2386.700487	6.721216	-553.068420	-898.831055
2386.703822	6.370543	-554.646423	-893.512512
2386.707148	6.487434	-555.289307	-887.141968
2386.710484	5.727644	-557.101135	-881.239014
2386.713818	6.019871	-558.211548	-875.336060
2386.717151	5.669199	-557.977783	-869.140808
2386.720487	5.026300	-559.731140	-863.763916
2386.723821	5.026300	-559.555786	-857.510193
2386.727148	4.383401	-560.490967	-852.074829
2386.730484	3.974284	-560.841614	-847.223877
2386.733817	4.032730	-561.952087	-842.489807
2386.738076	3.798948	-563.822327	-829.514893
2386.741341	3.097604	-563.705444	-825.774414
2386.744698	3.039158	-564.172974	-820.806519
2386.748001	3.506721	-564.231445	-814.786743
2386.751353	2.630041	-564.640564	-809.994141
2386.754237	2.162478	-565.283447	-805.493835
2386.757585	1.928697	-564.699036	-801.285828
2386.760926	1.578025	-565.517212	-797.253113
2386.764266	1.052016	-566.510803	-791.583862
2386.767141	0.759790	-566.744629	-786.966675
2386.770487	-0.876680	-566.686157	-782.700134
2386.773810	-1.519579	-566.686157	-778.492126
2386.777151	-2.513150	-567.212158	-774.634705
2386.780475	-2.688486	-568.088806	-769.433044
2386.783812	-2.863822	-568.965515	-765.108093
2386.787180	-3.506721	-568.264160	-760.783142
2386.790481	-4.149620	-568.497925	-757.451782
2386.793809	-4.500292	-568.848633	-754.529541
2386.797140	-4.792519	-568.381042	-750.496765
2386.800494	-5.493863	-569.140869	-746.405579
2386.803805	-5.786090	-569.666870	-743.892456
2386.807140	-6.312099	-568.322632	-740.502625
2386.810476	-6.954997	-569.257751	-736.294556
2386.813811	-7.247224	-569.082397	-734.190491
2386.817143	-7.656341	-568.731750	-730.625366
2386.820475	-7.890122	-569.783752	-726.943298
2386.823806	-8.065459	-569.140869	-724.839233
2386.827145	-8.182350	-570.192871	-722.150818
2386.830489	-8.649913	-569.082397	-719.871399
2386.833804	-9.059030	-569.783752	-716.540039
2386.837138	-9.351256	-568.790222	-713.851562
2386.840480	-9.468147	-568.731750	-712.624207
2386.843808	-9.643483	-568.556396	-709.409729
2386.848406	-9.994155	-568.673279	-705.552307
2386.851323	-9.935710	-568.556396	-704.441833
2386.854671	-9.994155	-569.199280	-702.220947
2386.857997	-9.935710	-568.264160	-700.467590
2386.861401	-10.344828	-568.848633	-698.246643
2386.864261	-10.169491	-568.673279	-697.662170
2386.867616	-9.935710	-568.264160	-696.493286
2386.870959	-10.111046	-568.673279	-693.454102
2386.874248	-10.520164	-567.855103	-691.466980
2386.877562	-10.695500	-568.439514	-691.466980
2386.880465	-10.695500	-568.614868	-691.057861
2386.883804	-11.338399	-568.205750	-689.246033
2386.887131	-11.221508	-568.790222	-688.135559
2386.890464	-11.864407	-568.381042	-687.609558
2386.893795	-11.864407	-568.673279	-686.323792
2386.897133	-11.805962	-566.978333	-685.505554
2386.900462	-12.799533	-567.036804	-685.680847
2386.903799	-12.507306	-568.322632	-684.921143
2386.907131	-13.091760	-568.381042	-683.576843
2386.910486	-12.916424	-568.205750	-683.284607
2386.913800	-13.325541	-568.965515	-683.927551
2386.917128	-13.617767	-568.556396	-683.343079
2386.920461	-13.676212	-568.673279	-683.226196
2386.923792	-14.669784	-568.731750	-682.583313
2386.927127	-15.020455	-568.848633	-682.524841
2386.930467	-14.962010	-569.023926	-684.336670
2386.933853	-16.247808	-568.556396	-683.752197
2386.937124	-16.364700	-568.907043	-683.869080
2386.940459	-16.364700	-569.023926	-684.570435
2386.943791	-16.306253	-569.140869	-685.505554
2386.947130	-17.241379	-568.556396	-686.265320
2386.950467	-17.066044	-569.549988	-686.265320
2386.953828	-17.124489	-569.959045	-687.142029
2386.958430	-18.059614	-569.900635	-689.246033
2386.961346	-18.351841	-569.666870	-689.772095
2386.964683	-18.293396	-570.894165	-691.408569
2386.968056	-18.351841	-569.608398	-693.337280
2386.971442	-18.351841	-569.666870	-694.973694
2386.974218	-18.410286	-570.368164	-695.207520
2386.977542	-18.468731	-569.140869	-697.194641
2386.980882	-19.053185	-569.608398	-698.480408
2386.984221	-18.468731	-569.666870	-700.292236
2386.987551	-18.994740	-570.192871	-701.461121
2386.990453	-18.819405	-569.959045	-704.617187
2386.993791	-18.760958	-569.842224	-706.429016
2386.997155	-18.059614	-569.725342	-709.000610
2387.000459	-18.644068	-571.478638	-711.046143
2387.003791	-18.760958	-570.601990	-713.559326
2387.007122	-19.286966	-570.368164	-716.598450
2387.010457	-18.819405	-570.309753	-717.650513
2387.013788	-18.760958	-570.660461	-721.157227
2387.017117	-18.702513	-570.075989	-722.968994
2387.020452	-18.819405	-570.777344	-725.540649
2387.023815	-19.696083	-571.069519	-728.930481
2387.027122	-19.520748	-570.718872	-731.852722
2387.030451	-19.403856	-570.309753	-734.073608
2387.033785	-19.462303	-570.134399	-737.755676
2387.037118	-19.579193	-570.660461	-739.918213
2387.040479	-19.637638	-570.543518	-743.717163
2387.043788	-19.988310	-570.777344	-747.808289
2387.047116	-20.280537	-570.835754	-751.022827
2387.050453	-20.689655	-570.718872	-754.178833
2387.053779	-21.274109	-571.361755	-757.451782
2387.057115	-20.981882	-571.127991	-760.666260
2387.060452	-21.507891	-571.478638	-765.517212
2387.063779	-21.683226	-570.894165	-770.075989
2387.068475	-21.917007	-570.543518	-777.206299
2387.071388	-22.910578	-570.485107	-781.823486
2387.074751	-23.027470	-570.718872	-786.031555
2387.077976	-23.144360	-569.783752	-789.830505
2387.081301	-23.319696	-569.374634	-794.389221
2387.084244	-23.319696	-571.069519	-798.947998
2387.087536	-23.495031	-569.725342	-804.149658
2387.090869	-23.495031	-569.433044	-808.299255
2387.094212	-23.904150	-568.381042	-812.974854
2387.097538	-23.261251	-568.673279	-818.819458
2387.100442	-23.611923	-568.088806	-822.910583
2387.103781	-24.605494	-568.030396	-828.638245
2387.107110	-23.787258	-566.978333	-832.378784
2387.110443	-24.079485	-567.153687	-839.216797
2387.113804	-23.670368	-566.043213	-844.301636
2387.117135	-23.319696	-565.108093	-849.094116
2387.120443	-23.904150	-565.517212	-855.055542
2387.123780	-23.670368	-565.575684	-859.497375
2387.127125	-23.378141	-563.763916	-866.043274
2387.130443	-23.261251	-562.887207	-871.829346
2387.133776	-23.378141	-561.601379	-877.381592
2387.137107	-23.378141	-562.010498	-882.700134
2387.140440	-23.670368	-560.315613	-888.427856
2387.143779	-23.202805	-560.257141	-894.564636
2387.147108	-23.202805	-559.088257	-901.519592
2387.150442	-22.852133	-557.217957	-907.305603
2387.153771	-23.085915	-556.341309	-912.273499
2387.157107	-23.436586	-555.289307	-919.637695
2387.160444	-23.670368	-554.412598	-926.241943
2387.163771	-23.495031	-553.302124	-930.625366
2387.167104	-24.137930	-552.191711	-937.580383
2387.170437	-24.196377	-550.204590	-943.366455
2387.173767	-24.488602	-549.269409	-949.152588
2387.177108	-24.663939	-547.632996	-956.692017
2387.181365	-24.897720	-545.704285	-968.497925
2387.184643	-24.488602	-544.243164	-974.576294
2387.187990	-25.423729	-541.437744	-981.005310
2387.191284	-25.891293	-539.742859	-988.661560
2387.194646	-25.599066	-539.158386	-994.798401
2387.197526	-26.125072	-536.060791	-1001.578064
2387.200872	-26.300409	-533.722961	-1008.825195
2387.204213	-25.891293	-531.443604	-1014.669800
2387.207551	-26.826418	-530.683777	-1021.449463
2387.210434	-26.826418	-527.878418	-1027.820068
2387.213779	-27.060200	-524.254822	-1034.073608
2387.217101	-27.527761	-522.442993	-1040.619507
2387.220437	-27.586206	-520.163635	-1048.626465
2387.223768	-27.936878	-517.592041	-1055.230957
2387.227102	-27.878433	-514.319153	-1062.302734
2387.230431	-27.527761	-512.039734	-1070.251221
2387.233768	-27.118645	-509.175934	-1075.160645
2387.237099	-28.229105	-506.312073	-1082.407959
2387.240431	-27.878433	-502.688507	-1089.187622
2387.243793	-27.936878	-499.824677	-1095.733398
2387.247094	-28.112215	-496.610168	-1101.928711
2387.250428	-27.819988	-493.220337	-1109.351196
2387.253764	-27.410872	-489.830505	-1116.247803
2387.257096	-28.287550	-486.206909	-1121.449463
2387.260435	-27.586206	-482.232605	-1129.164185
2387.263764	-27.118645	-477.206329	-1136.177612
2387.267095	-27.235535	-473.407349	-1142.197510
2387.270425	-27.293980	-469.608398	-1147.574463
2387.273785	-27.235535	-466.160156	-1154.704834
2387.277094	-27.177090	-461.367615	-1161.718262
2387.280427	-27.235535	-456.575104	-1167.270508
2387.283766	-27.235535	-452.951477	-1174.459351
2387.287103	-27.293980	-448.042053	-1180.362305
2387.291275	-27.469316	-438.164795	-1191.934570
2387.294615	-26.651081	-433.372314	-1198.889526
2387.297958	-27.177090	-428.287567	-1202.688477
2387.301290	-27.878433	-423.319672	-1208.942139
2387.304630	-28.112215	-419.111633	-1213.676147
2387.307540	-28.287550	-412.974884	-1220.397461
2387.310872	-28.170660	-407.831665	-1225.482178
2387.314197	-28.755114	-402.279388	-1231.268311
2387.317541	-28.813559	-396.960815	-1235.359497
2387.320427	-28.696669	-391.466980	-1241.379395
2387.323758	-28.813559	-385.973114	-1246.288696
2387.327082	-29.573349	-379.836334	-1250.788940
2387.330432	-29.690239	-374.284058	-1256.750366
2387.333761	-30.391582	-367.621277	-1260.607788
2387.337089	-30.683809	-361.718292	-1265.984863
2387.340426	-30.742254	-355.347748	-1268.556396
2387.343755	-30.859146	-348.918762	-1274.342529
2387.347086	-30.859146	-342.080658	-1277.031006
2387.350421	-31.268263	-335.943878	-1281.063721
2387.353752	-31.735825	-329.222687	-1283.752197
2387.357088	-32.203392	-322.618347	-1287.843262
2387.360439	-31.969610	-315.604889	-1291.934570
2387.363751	-32.437172	-307.948578	-1295.324341
2387.367088	-31.735825	-301.168915	-1297.954346
2387.370417	-31.794271	-293.629456	-1301.928711
2387.373752	-31.502045	-286.616028	-1305.552246
2387.377090	-31.618935	-279.135010	-1307.422485
2387.380473	-31.911165	-271.011108	-1311.221558
2387.383759	-31.326708	-263.822327	-1311.922852
2387.387083	-32.086502	-257.159576	-1315.897217
2387.390417	-31.618935	-248.743408	-1319.170044
2387.393756	-31.735825	-241.203979	-1318.001221
2387.397081	-31.560490	-233.606079	-1321.624756
2387.401727	-31.443600	-217.650482	-1323.494995
2387.404637	-31.151373	-209.292816	-1326.943359
2387.407955	-30.683809	-200.935120	-1327.527832
2387.411347	-30.976036	-192.986557	-1329.456421
2387.414672	-30.976036	-184.979553	-1328.872070
2387.417545	-30.508474	-176.329636	-1329.164185
2387.420842	-31.268263	-168.381058	-1330.508545
2387.424168	-31.385153	-160.315613	-1329.807129
2387.427509	-31.326708	-151.841034	-1329.924072
2387.430407	-31.326708	-142.957336	-1330.859131
2387.433740	-31.969610	-135.476334	-1331.619019
2387.437084	-32.028053	-126.943298	-1330.274658
2387.440444	-32.437172	-117.475166	-1330.274658
2387.443748	-32.203392	-109.351257	-1328.755127
2387.447095	-32.612507	-100.233780	-1327.936890
2387.450405	-32.846291	-92.460548	-1326.884888
2387.453744	-33.372299	-83.343079	-1326.943359
2387.457074	-33.547634	-75.452957	-1325.657471
2387.460404	-33.372299	-67.270599	-1324.020996
2387.463740	-33.722969	-58.562244	-1322.033936
2387.467080	-34.190533	-49.795441	-1320.105225
2387.470412	-34.132088	-41.203976	-1319.403809
2387.473738	-34.424313	-33.196960	-1316.656982
2387.477076	-34.833431	-24.722383	-1314.845093
2387.480457	-34.950321	-15.137346	-1312.273560
2387.483740	-34.891876	-7.013443	-1310.637085
2387.487068	-35.593220	1.987142	-1306.428955
2387.490436	-35.476330	10.403274	-1304.675659
2387.493740	-35.242550	19.286966	-1301.694824
2387.497069	-35.067211	27.118645	-1297.954346
2387.500408	-35.242550	35.476330	-1295.558105
2387.503745	-35.359440	44.067799	-1293.629395
2387.507074	-35.827003	52.776154	-1288.544800
2387.511692	-35.125656	69.374634	-1281.648193
2387.514618	-35.125656	78.082993	-1278.784424
2387.518005	-35.242550	86.557564	-1273.465820
2387.521322	-34.424313	93.980125	-1270.426636
2387.524704	-34.891876	102.279366	-1266.744629
2387.527495	-34.658096	111.221504	-1262.711914
2387.530828	-34.190533	118.994736	-1259.146729
2387.534198	-34.073643	126.943298	-1254.821777
2387.537492	-34.015198	134.248978	-1250.321533
2387.540401	-34.658096	141.846878	-1243.950928
2387.543741	-34.482758	149.620102	-1243.015747
2387.547078	-34.132088	157.977798	-1236.119263
2387.550400	-34.482758	165.283463	-1232.320312
2387.553733	-34.073643	172.881348	-1227.936890
2387.557066	-34.132088	180.303925	-1222.735229
2387.560400	-34.599651	187.784927	-1220.455811
2387.563738	-34.248978	194.447693	-1214.786743
2387.567067	-34.716541	201.519592	-1208.883667
2387.570396	-34.891876	208.182358	-1205.143188
2387.573729	-35.768555	215.137344	-1200.584473
2387.577090	-35.534775	221.741669	-1195.441284
2387.580399	-35.593220	228.579788	-1190.707153
2387.583731	-35.710110	234.891861	-1186.908203
2387.587060	-36.236118	240.736420	-1180.362305
2387.590405	-36.002338	247.399185	-1175.219116
2387.593737	-36.586792	254.178833	-1171.712524
2387.597065	-36.411457	260.490936	-1165.809448
2387.600401	-36.177673	266.803040	-1161.250732
2387.603727	-36.586792	272.063110	-1155.289307
2387.607059	-36.762127	278.082977	-1149.035645
2387.610395	-36.995907	284.395111	-1146.230347
2387.613730	-37.288136	290.239624	-1139.509155
2387.617061	-37.288136	296.434845	-1132.729492
2387.621758	-36.645237	307.656342	-1121.507935
2387.624603	-36.879017	312.916412	-1118.234863
2387.627982	-36.820572	318.410278	-1112.507324
2387.631330	-36.645237	324.663940	-1106.779663
2387.634615	-36.528347	329.222687	-1102.571533
2387.637476	-36.937462	334.073639	-1096.668579
2387.640813	-36.762127	339.333740	-1091.583862
2387.644154	-36.411457	344.886047	-1085.388672
2387.647475	-35.885448	348.918762	-1080.070068
2387.650816	-36.411457	354.061951	-1075.686768
2387.653721	-36.002338	358.912933	-1070.368164
2387.657057	-35.534775	363.763885	-1065.809448
2387.660389	-35.710110	367.971954	-1059.497314
2387.663724	-35.242550	372.296906	-1055.289307
2387.667056	-34.774986	376.797211	-1049.970825
2387.670391	-35.008766	380.187042	-1043.892456
2387.673718	-34.891876	385.154877	-1039.216797
2387.677057	-35.476330	388.661591	-1035.184082
2387.680422	-34.891876	393.571014	-1029.456421
2387.683723	-35.008766	397.019287	-1025.949707
2387.687059	-34.833431	400.409119	-1020.105164
2387.690392	-34.073643	404.383423	-1014.377563
2387.693723	-33.956753	408.182343	-1010.520142
2387.697057	-34.307423	410.695496	-1006.370544
2387.700415	-34.833431	413.559326	-1000.876709
2387.703718	-34.833431	417.007599	-997.720642
2387.707051	-34.950321	421.040344	-991.466980
2387.710387	-35.476330	423.904144	-987.434265
2387.713719	-35.534775	427.352417	-984.044434
2387.717052	-35.008766	430.099335	-979.018127
2387.720386	-35.300995	433.196960	-975.745178
2387.723719	-35.184105	436.528351	-970.777344
2387.727054	-35.184105	438.983063	-966.744629
2387.731317	-35.300995	443.834015	-957.451843
2387.734684	-35.300995	446.522522	-953.243713
2387.737984	-35.242550	449.853882	-949.620178
2387.741235	-35.768555	451.724152	-945.470520
2387.744599	-35.184105	454.003540	-943.015747
2387.747474	-35.534775	456.691986	-939.099976
2387.750809	-35.417885	458.620697	-934.249023
2387.754148	-35.008766	461.016937	-930.391602
2387.757469	-35.184105	463.530121	-926.066589
2387.760819	-34.716541	465.575684	-921.741699
2387.763712	-34.833431	467.562805	-919.696045
2387.767046	-34.658096	469.666870	-916.247864
2387.770377	-34.716541	471.770905	-913.325500
2387.773707	-34.891876	472.939819	-907.773193
2387.777051	-34.190533	474.751617	-905.786133
2387.780381	-33.956753	476.504944	-901.285828
2387.783711	-33.313854	478.842773	-898.889526
2387.787078	-33.313854	480.713043	-895.032104
2387.790375	-33.138515	481.940369	-891.992920
2387.793715	-32.846291	483.635284	-889.888977
2387.797047	-32.729401	485.680878	-886.323853
2387.800371	-32.261837	486.206909	-882.700134
2387.803706	-32.670956	487.901825	-879.836365
2387.807049	-31.852718	489.479828	-876.972473
2387.810373	-31.911165	490.765625	-874.517822
2387.813708	-31.969610	491.817657	-872.413818
2387.817042	-31.443600	493.337250	-869.374634
2387.820370	-31.560490	494.389252	-866.978333
2387.823709	-31.618935	495.616577	-864.523682
2387.827040	-31.326708	496.902405	-863.588501
2387.830393	-31.502045	497.779083	-860.081848
2387.833705	-31.735825	499.240204	-858.269958
2387.837038	-31.794271	499.006409	-855.347717
2387.841298	-31.735825	501.402710	-852.016357
2387.844627	-31.443600	502.162445	-850.321472
2387.847891	-31.502045	502.805389	-848.042114
2387.851218	-31.443600	503.623627	-846.230347
2387.854545	-31.735825	504.091156	-844.885986
2387.857904	-31.151373	504.149628	-843.483337
2387.860799	-31.794271	505.552307	-842.723572
2387.864127	-31.735825	506.721222	-841.028564
2387.867482	-31.326708	507.071869	-840.327271
2387.870814	-31.443600	507.481018	-836.762146
2387.873737	-30.917591	507.890137	-836.060791
2387.877050	-31.560490	508.883728	-835.242554
2387.880380	-30.742254	508.883728	-834.424316
2387.883700	-30.859146	509.935699	-833.021667
2387.887031	-30.976036	509.468140	-831.385132
2387.890365	-30.859146	509.526581	-829.631836
2387.893703	-30.625364	510.520172	-828.755066
2387.897027	-30.274693	511.572174	-829.222656
2387.900363	-30.099356	512.039734	-826.884827
2387.903700	-29.631794	511.338379	-827.235535
2387.907030	-29.339567	512.156616	-826.592651
2387.910366	-28.872004	512.098145	-825.949768
2387.913700	-28.988895	511.981293	-825.774414
2387.917065	-28.170660	512.448853	-825.131531
2387.920362	-27.936878	512.098145	-824.546997
2387.923699	-27.703098	512.682617	-823.553467
2387.927034	-27.936878	513.267090	-824.371704
2387.930362	-27.586206	513.325562	-823.202820
2387.933695	-27.819988	512.741089	-824.546997
2387.937027	-26.767973	512.974854	-823.553467
2387.940363	-26.943308	513.325562	-824.371704
2387.943692	-26.475746	513.150208	-824.488647
2387.947024	-26.300409	513.617737	-824.488647
2387.950365	-25.949738	512.273499	-825.131531
2387.954543	-25.365284	512.507324	-826.592651
2387.957877	-25.832848	512.156616	-825.891296
2387.961223	-25.657511	511.922852	-826.475708
2387.964564	-25.482174	511.104645	-827.410889
2387.967904	-25.306839	511.689087	-829.047302
2387.970815	-25.014612	510.286377	-830.216187
2387.974142	-25.248394	511.630615	-830.566895
2387.977507	-25.423729	509.994171	-831.268311
2387.980815	-25.248394	509.818848	-831.151367
2387.983694	-24.488602	509.292786	-832.787781
2387.987026	-24.839275	508.416138	-833.372314
2387.990389	-24.547049	508.123932	-836.353027
2387.993689	-24.488602	507.656342	-837.814148
2387.997026	-24.488602	506.721222	-838.983032
2388.000354	-23.904150	505.727631	-840.210449
2388.003713	-24.021040	505.786072	-840.385742
2388.007025	-24.021040	504.792511	-842.782043
2388.010355	-23.728813	504.617157	-844.418457
2388.013689	-23.085915	502.805389	-845.412048
2388.017019	-23.378141	502.104034	-848.451233
2388.020357	-23.144360	502.396240	-849.970825
2388.023686	-23.144360	501.461121	-851.841064
2388.027018	-23.202805	500.993591	-852.834595
2388.030355	-22.326126	500.409119	-856.341370
2388.033704	-22.209234	499.357086	-857.568665
2388.037016	-22.150789	498.305084	-859.789551
2388.040347	-20.981882	498.188202	-862.536499
2388.043713	-21.507891	496.727051	-864.406799
2388.047054	-20.280537	495.675049	-867.036804
2388.050349	-20.689655	494.798370	-870.134460
2388.053687	-19.988310	493.103455	-871.537109
2388.057015	-19.929865	491.876068	-874.225586
2388.060344	-19.228521	490.999420	-876.797180
2388.064567	-18.760958	488.953827	-881.881897
2388.067857	-18.585623	486.557587	-884.687317
2388.071226	-18.468731	485.447113	-887.375854
2388.074559	-17.416716	483.927551	-890.122681
2388.077503	-17.592052	482.466400	-892.577454
2388.080795	-17.124489	480.888367	-898.421936
2388.084175	-16.832262	478.901245	-900.000000
2388.087440	-16.540035	477.323212	-904.266541
2388.090776	-16.364700	475.803619	-906.838135
2388.093679	-16.072474	474.225616	-908.766846
2388.097013	-16.189363	471.653992	-912.682617
2388.100350	-15.721800	469.608398	-916.306213
2388.103683	-15.780245	468.030396	-920.397461
2388.107010	-14.962010	466.686157	-924.021057
2388.110350	-14.552893	464.465240	-927.995300
2388.113682	-14.494448	461.952057	-931.209839
2388.117003	-14.260666	460.490936	-935.125610
2388.120356	-14.202221	457.393372	-937.931030
2388.123672	-14.260666	455.932190	-941.320923
2388.127006	-14.436002	452.600800	-945.937988
2388.130345	-13.559322	451.081238	-949.678528
2388.133679	-13.091760	448.158966	-954.354187
2388.137006	-13.325541	445.528931	-957.685547
2388.140340	-13.325541	443.424896	-961.835205
2388.143673	-12.682642	441.320862	-965.926392
2388.147054	-12.331969	437.989471	-968.731689
2388.150375	-12.390414	436.002350	-974.108704
2388.153673	-11.747516	432.729401	-977.089417
2388.157006	-10.929281	430.099335	-982.349487
2388.160336	-10.812390	426.709503	-987.317383
2388.163690	-10.870836	423.553467	-990.824036
2388.167004	-10.286383	421.566345	-993.921631
2388.170335	-9.877264	418.351837	-1000.116943
2388.174550	-9.175920	411.747498	-1007.597900
2388.177878	-8.474577	408.649933	-1011.163025
2388.181213	-8.240795	405.084747	-1015.371155
2388.184593	-7.422560	401.519592	-1021.975403
2388.187460	-7.013443	398.246643	-1025.482178
2388.190827	-6.779661	394.389252	-1030.508545
2388.194126	-6.370543	390.531860	-1035.534790
2388.197434	-5.610754	387.492706	-1041.262451
2388.200755	-5.143191	383.109283	-1045.119873
2388.203666	-4.617183	379.193451	-1049.269409
2388.207029	-4.383401	375.452942	-1055.055542
2388.210337	-3.915838	371.595551	-1059.555786
2388.213673	-3.623612	367.387482	-1064.406738
2388.216998	-3.565166	362.711853	-1069.959106
2388.220337	-2.630041	358.270020	-1073.816528
2388.223668	-2.688486	353.477509	-1079.193481
2388.226998	-1.928697	349.386322	-1084.161255
2388.230333	-2.104033	344.886047	-1089.070679
2388.233661	-1.636470	339.801300	-1095.499756
2388.237017	-1.052016	335.417877	-1100.350708
2388.240332	-0.818235	330.274689	-1105.786133
2388.243662	-0.409117	325.715942	-1110.052612
2388.246997	0.292227	320.631226	-1114.085327
2388.250344	0.409117	315.955597	-1118.410278
2388.253664	-0.175336	310.695496	-1124.956177
2388.257001	0.876680	304.500305	-1128.638306
2388.260328	0.759790	299.824677	-1133.839844
2388.263660	1.227352	294.623016	-1139.684448
2388.266999	2.104033	288.836945	-1144.944458
2388.270330	2.279369	283.810638	-1148.918701
2388.273659	1.344243	277.615417	-1154.471069
2388.276995	2.104033	272.413788	-1158.620605
2388.281699	2.863822	260.958496	-1168.088867
2388.284545	2.863822	255.639984	-1172.998291
2388.287924	3.389831	249.035645	-1178.316772
2388.291240	3.915838	243.366455	-1182.641724
2388.294533	4.324956	237.931030	-1186.908203
2388.297415	4.266511	232.086487	-1193.980103
2388.300747	5.493863	225.657516	-1194.681396
2388.304087	5.493863	219.170074	-1200.116943
2388.307421	5.786090	213.267090	-1204.734009
2388.310325	6.545880	206.779663	-1208.123901
2388.313661	6.428989	200.175339	-1214.085327
2388.316985	7.188778	193.278793	-1217.533569
2388.320327	7.305669	187.200470	-1222.559937
2388.323678	7.948568	180.303925	-1225.482178
2388.326990	8.649913	173.758041	-1230.625366
2388.330322	8.825249	166.803040	-1235.125610
2388.333655	9.175920	160.374039	-1238.047852
2388.336992	8.708358	153.009933	-1242.197510
2388.340320	9.468147	145.938049	-1246.931641
2388.343656	9.994155	138.866165	-1249.327881
2388.346994	9.526592	132.086502	-1253.769653
2388.350323	9.526592	124.722382	-1258.094727
2388.353655	10.403274	117.124489	-1262.068970
2388.356989	10.695500	109.468147	-1265.341919
2388.360325	11.279953	102.630043	-1268.147217
2388.363652	10.753945	94.798363	-1272.472168
2388.367015	10.987726	88.018707	-1274.810059
2388.370316	11.338399	80.771477	-1278.433716
2388.373646	11.689071	72.706017	-1281.998779
2388.376982	11.338399	65.634132	-1284.102783
2388.380326	11.630626	57.744007	-1287.726440
2388.383651	11.630626	50.321449	-1291.350098
2388.388328	11.805962	34.891876	-1297.369995
2388.391187	11.572180	27.527761	-1300.818237
2388.394581	11.572180	20.514320	-1302.104004
2388.397933	12.039742	12.916424	-1304.850952
2388.401169	11.747516	5.084745	-1307.013428
2388.404071	12.390414	-3.798948	-1308.299316
2388.407402	12.273524	-10.578609	-1311.279907
2388.410762	11.864407	-18.293396	-1311.864380
2388.414068	12.390414	-25.891293	-1314.786743
2388.416982	12.448860	-33.372299	-1316.656982
2388.420314	12.799533	-40.853302	-1316.598511
2388.423652	13.091760	-48.568089	-1319.871460
2388.426977	13.033314	-56.049095	-1321.858643
2388.430308	13.442431	-63.939220	-1322.442993
2388.433642	13.091760	-71.829338	-1324.196289
2388.436982	12.507306	-78.609001	-1325.131470
2388.440313	13.150205	-85.680893	-1325.014648
2388.443650	13.734658	-92.694328	-1325.131470
2388.447016	13.150205	-100.233780	-1327.644653
2388.450312	13.617767	-107.831680	-1327.469360
2388.453657	13.617767	-114.962006	-1327.586182
2388.456977	13.442431	-123.261246	-1326.651123
2388.460311	13.500876	-130.157806	-1327.761597
2388.463645	14.202221	-137.814148	-1327.410889
2388.466974	13.793103	-144.886032	-1327.995361
2388.470313	13.968439	-152.133255	-1328.521362
2388.473642	14.377557	-159.146698	-1327.352417
2388.476981	14.202221	-166.452377	-1328.170654
2388.480303	13.793103	-173.115128	-1328.287476
2388.483644	13.676212	-180.654587	-1325.482178
2388.486972	13.851549	-188.369370	-1326.475708
2388.490326	13.442431	-194.973694	-1323.670410
2388.494987	13.500876	-208.766800	-1323.144287
2388.497915	13.500876	-215.488022	-1320.105225
2388.501209	13.383986	-221.917007	-1318.001221
2388.504482	13.208650	-229.047348	-1316.481567
2388.507819	12.565751	-236.060791	-1315.546387
2388.511148	12.624197	-242.314438	-1313.793091
2388.514059	12.624197	-248.626541	-1313.033325
2388.517401	12.565751	-254.412628	-1310.578613
2388.520748	12.098188	-260.783173	-1308.474487
2388.524077	11.455289	-267.270599	-1306.487427
2388.526973	11.805962	-273.699585	-1304.734009
2388.530298	11.338399	-280.245483	-1302.513184
2388.533682	11.572180	-285.856232	-1300.116943
2388.536968	11.338399	-292.051422	-1298.597290
2388.540308	10.403274	-298.363525	-1295.207520
2388.543636	10.227938	-303.389832	-1291.700684
2388.546967	10.111046	-309.585052	-1289.070679
2388.550300	9.877264	-315.254242	-1286.323853
2388.553634	9.877264	-321.040314	-1285.271729
2388.556965	8.766803	-326.358856	-1280.829956
2388.560297	9.117476	-331.443604	-1277.381592
2388.563631	8.533022	-336.820587	-1274.985352
2388.566966	8.708358	-341.846863	-1273.056641
2388.570302	8.533022	-346.639404	-1267.562866
2388.573635	8.708358	-351.841034	-1264.465210
2388.576992	8.007013	-356.984222	-1258.737549
2388.580297	8.123904	-362.594971	-1256.399780
2388.583632	7.597896	-367.971954	-1254.003540
2388.586967	7.364114	-371.770874	-1248.275879
2388.590291	7.714787	-376.914093	-1245.002930
2388.593630	7.890122	-381.005249	-1242.022217
2388.596968	7.773232	-385.505554	-1236.820557
2388.600299	7.422560	-389.947388	-1233.313843
2388.603648	7.247224	-394.272339	-1228.229126
2388.607869	6.838106	-403.506714	-1221.858643
2388.611133	6.662770	-408.006989	-1217.708984
2388.614468	6.487434	-412.039764	-1212.741089
2388.617860	5.961426	-415.663330	-1207.948608
2388.620743	5.669199	-420.455872	-1203.740479
2388.624050	5.493863	-423.553467	-1199.298706
2388.627407	4.734074	-427.995361	-1195.908813
2388.630746	4.909410	-431.326721	-1190.181152
2388.634080	4.266511	-435.359436	-1186.616089
2388.636970	3.389831	-438.983063	-1180.596191
2388.640294	3.156049	-442.898895	-1177.849243
2388.643624	2.571596	-445.645813	-1173.524292
2388.646956	2.571596	-449.327911	-1168.731689
2388.650323	2.337814	-452.659271	-1163.530029
2388.653624	1.519579	-456.341309	-1159.848022
2388.656956	2.104033	-458.854492	-1153.945068
2388.660292	1.110462	-462.069000	-1150.379883
2388.663648	1.636470	-464.991241	-1144.827515
2388.666952	0.642899	-468.264160	-1140.151978
2388.670293	-0.584454	-471.303314	-1136.995850
2388.673625	-0.935126	-472.530701	-1131.911133
2388.676952	-1.753361	-476.037415	-1127.352417
2388.680283	-2.045588	-480.245453	-1121.741699
2388.683622	-1.636470	-482.407959	-1116.890747
2388.686952	-2.337814	-484.687317	-1113.033325
2388.690285	-2.630041	-487.434235	-1109.818848
2388.693642	-3.214494	-488.720032	-1105.727661
2388.696952	-2.746932	-492.051422	-1101.168945
2388.700291	-3.389831	-493.278778	-1096.025757
2388.703617	-4.091175	-496.317963	-1092.519043
2388.706972	-3.565166	-498.538879	-1087.843262
2388.710285	-4.032730	-500.467590	-1084.219727
2388.713623	-4.734074	-502.396240	-1080.713013
2388.717811	-4.500292	-507.890137	-1070.134399
2388.721129	-4.734074	-508.123932	-1066.510742
2388.724508	-5.084745	-509.701904	-1061.192383
2388.727825	-5.435418	-512.974854	-1057.101196
2388.731149	-5.260082	-513.734680	-1052.717651
2388.734065	-5.844535	-515.663330	-1050.496826
2388.737412	-5.902981	-516.481567	-1044.184692
2388.740729	-6.312099	-519.170105	-1041.320923
2388.744042	-6.721216	-518.936279	-1037.989502
2388.746945	-7.130333	-521.332520	-1033.080078
2388.750279	-7.071887	-523.495056	-1030.566895
2388.753613	-7.247224	-523.845703	-1025.482178
2388.756949	-8.065459	-525.306824	-1021.741699
2388.760276	-8.474577	-526.943298	-1018.819458
2388.763610	-9.000585	-528.287537	-1014.085266
2388.766945	-8.708358	-529.982483	-1010.695435
2388.770277	-9.468147	-530.859131	-1007.188782
2388.773612	-9.818819	-531.677368	-1002.513123
2388.776948	-9.935710	-532.846313	-998.947998
2388.780287	-10.987726	-533.839844	-997.019287
2388.783606	-10.169491	-534.658081	-991.992920
2388.786945	-10.344828	-536.353027	-988.895386
2388.790281	-11.572180	-537.521912	-986.265381
2388.793611	-11.747516	-538.866150	-982.232544
2388.796943	-12.098188	-538.924622	-979.719421
2388.800278	-12.215078	-540.093506	-976.797180
2388.803612	-12.565751	-540.970154	-973.348877
2388.806941	-12.331969	-541.145508	-970.543579
2388.810299	-13.091760	-542.548218	-967.621216
2388.813605	-13.383986	-543.834045	-965.458801
2388.816940	-13.793103	-543.658691	-962.770264
2388.820274	-13.793103	-545.002930	-960.724731
2388.823612	-13.500876	-546.990051	-957.860962
2388.828232	-14.494448	-546.405579	-953.477478
2388.831153	-14.786674	-546.814697	-951.490417
2388.834479	-14.611338	-547.282288	-948.801880
2388.837902	-14.903564	-548.334290	-945.528870
2388.841201	-15.020455	-549.035645	-944.652283
2388.844083	-14.903564	-549.970764	-942.314453
2388.847364	-15.604909	-550.438354	-938.924622
2388.850693	-15.429573	-551.022827	-938.047913
2388.854046	-16.540035	-550.905884	-937.171265
2388.857366	-15.955583	-551.490356	-933.547607
2388.860270	-16.481590	-551.841003	-932.670959
2388.863597	-16.364700	-552.483948	-928.988953
2388.866931	-16.481590	-553.302124	-929.047302
2388.870268	-17.066044	-553.477478	-926.300415
2388.873600	-17.650497	-553.068420	-925.365234
2388.876937	-16.949154	-553.652832	-923.202820
2388.880263	-17.416716	-554.120422	-922.501465
2388.883597	-18.059614	-554.880188	-920.338989
2388.886935	-18.351841	-554.997070	-918.644043
2388.890294	-18.293396	-555.581543	-918.468750
2388.893604	-18.760958	-555.347717	-917.767456
2388.896929	-18.819405	-555.055542	-915.488037
2388.900288	-18.877850	-555.172424	-915.838745
2388.903601	-19.111629	-555.464661	-913.383972
2388.906928	-19.696083	-555.347717	-913.091736
2388.910263	-20.280537	-556.224426	-911.279968
2388.913594	-20.455875	-556.516663	-910.753906
2388.916926	-20.222092	-556.691956	-911.455261
2388.920265	-21.040327	-556.984253	-910.344788
2388.923596	-20.981882	-556.633545	-908.825195
2388.926929	-21.215664	-557.568665	-909.175964
2388.930259	-21.215664	-557.510254	-909.409729
2388.933627	-21.741673	-556.925781	-910.286438
2388.938280	-22.559906	-557.510254	-909.994141
2388.941152	-22.384571	-557.042664	-910.169495
2388.944554	-22.559906	-557.334900	-909.292786
2388.947851	-23.261251	-557.860901	-908.416199
2388.951189	-23.611923	-557.393372	-910.812378
2388.954022	-23.085915	-557.977783	-910.812378
2388.957350	-23.319696	-556.633545	-910.812378
2388.960679	-23.319696	-557.627075	-912.039734
2388.964025	-23.319696	-556.750427	-912.039734
2388.967346	-23.495031	-556.107544	-912.624146
2388.970258	-23.845703	-556.458252	-912.273499
2388.973593	-23.378141	-556.691956	-914.202209
2388.976943	-23.611923	-556.399780	-914.494446
2388.980253	-23.261251	-555.581543	-915.604858
2388.983589	-23.611923	-556.282837	-915.780273
2388.986920	-23.904150	-556.341309	-916.715332
2388.990258	-24.079485	-555.406189	-918.702515
2388.993660	-24.547049	-555.815308	-919.871399
2388.996930	-23.787258	-556.575134	-920.923401
2389.000252	-24.605494	-554.763306	-921.507935
2389.003587	-24.430157	-554.646423	-923.085876
2389.006922	-24.663939	-555.172424	-924.196350
2389.010251	-24.663939	-554.120422	-925.365234
2389.013583	-25.248394	-554.588013	-926.592651
2389.016926	-25.306839	-554.471069	-927.878479
2389.020281	-25.073057	-553.652832	-929.222656
2389.023589	-25.248394	-553.535950	-930.976013
2389.026919	-25.657511	-553.477478	-932.904724
2389.030253	-26.066628	-552.542358	-935.125610
2389.033582	-25.715956	-551.899475	-937.872620
2389.036921	-26.183519	-552.542358	-939.392212
2389.040256	-26.300409	-552.425476	-940.561096
2389.043577	-26.475746	-551.782532	-942.489807
2389.047782	-26.125072	-551.081238	-947.749878
2389.051203	-27.644651	-549.269409	-950.263000
2389.054554	-28.229105	-550.263000	-951.665710
2389.057794	-28.229105	-548.509644	-954.354187
2389.061096	-28.053770	-549.327881	-957.276428
2389.064051	-28.404442	-547.866699	-959.380432
2389.067338	-28.872004	-547.282288	-961.893677
2389.070668	-28.930450	-546.230286	-964.114563
2389.074011	-28.930450	-546.405579	-967.036804
2389.076914	-29.047340	-545.470459	-969.374634
2389.080244	-29.281122	-544.418457	-972.296875
2389.083582	-29.573349	-543.834045	-975.628296
2389.086909	-29.748684	-542.957336	-979.135010
2389.090244	-29.573349	-541.905334	-983.401489
2389.093578	-30.216248	-541.613098	-983.693787
2389.096948	-30.742254	-541.262451	-987.375854
2389.100257	-30.040911	-539.625916	-991.642273
2389.103580	-30.566919	-539.158386	-994.622986
2389.106946	-30.683809	-537.697266	-998.480408
2389.110243	-30.625364	-536.469910	-1002.337830
2389.113584	-30.450027	-535.593201	-1005.143188
2389.116911	-30.274693	-534.015198	-1006.838135
2389.120247	-30.508474	-533.313843	-1010.520142
2389.123583	-31.034481	-532.261841	-1016.013977
2389.126903	-31.092926	-531.443604	-1019.053162
2389.130241	-30.625364	-530.157776	-1022.910583
2389.133574	-31.268263	-528.696655	-1026.475708
2389.136905	-30.976036	-527.177124	-1031.852783
2389.140243	-31.385153	-525.774414	-1033.196899
2389.143573	-31.794271	-524.254822	-1037.697266
2389.146905	-31.443600	-523.495056	-1041.087036
2389.150263	-32.028053	-521.624817	-1044.593750
2389.154502	-32.670956	-519.111633	-1050.847412
2389.157834	-32.787846	-517.767395	-1056.750366
2389.161130	-32.554062	-515.487976	-1060.081909
2389.164422	-32.437172	-513.793091	-1065.750977
2389.167752	-33.664524	-512.390442	-1067.270508
2389.170666	-33.489189	-510.753967	-1072.764526
2389.173985	-33.722969	-509.643494	-1076.329590
2389.177325	-33.138515	-508.006989	-1080.888428
2389.180690	-33.489189	-505.844543	-1085.447144
2389.183570	-34.015198	-503.682037	-1089.596802
2389.186904	-34.248978	-501.928711	-1093.454102
2389.190238	-33.722969	-500.701324	-1096.668579
2389.193581	-34.132088	-497.954407	-1101.987183
2389.196905	-34.424313	-496.376373	-1105.084717
2389.200235	-34.658096	-493.921661	-1109.117554
2389.203565	-34.424313	-491.817657	-1114.377563
2389.206904	-35.359440	-489.713623	-1117.124512
2389.210236	-35.359440	-486.791382	-1123.261230
2389.213569	-35.067211	-483.226196	-1125.891357
